7283
4042
8845
4163
7180
8784
9104
8874
3945
3948
6463
1535
7991
1663
2821
3952
3931
7013
8051
3860
1616
8844
6224
3216
9566
5205
5943
9636
5453
872
5584
974
4883
4145
8536
869
953
3951
7852
2477
7377
6794
9844
7295
4918
7809
7314
5477
4001
6479
293
8786
2557
2055
6117
6954
6938
9875
7567
5624
2211
958
9111
1855
2615
1817
9053
1916
7022
5212
3822
2031
4418
6112
6269
4031
2120
9956
4292
14
9344
7899
7293
9574
7570
4477
1529
6774
7928
7337
3465
4015
3292
4243
8878
4913
7307
8416
7619
5182
517
6959
8341
8125
2036
8486
7321
5526
8662
8819
1248
8211
804
5122
2389
5677
1311
3218
1716
7887
7202
27
9356
3136
9587
3250
5397
5108
2115
9054
330
7407
1153
478
9007
3316
626
1955
4776
3605
8898
2864
2262
9131
5472
1590
6584
1476
7902
8902
7424
8376
7783
2432
531
2359
5981
4614
8068
4765
1222
3344
3640
8497
3620
3047
9818
3626
4472
9285
1538
9347
641
9592
8962
8701
4759
3762
9711
5056
9098
4761
8953
7881
4936
710
3879
1963
7336
3999
8145
4208
895
5939
9350
2083
989
1061
7755
547
5282
7621
3209
8117
2930
7576
2449
2433
5963
3661
6849
7868
5411
7154
9473
1109
3299
6736
4713
3993
5154
3325
204
8903
9778
2169
4323
2347
2702
2166
3430
167
9055
9746
5457
7284
4151
6454
460
2136
2624
5695
7893
9598
437
3067
5949
5623
7001
7397
2296
486
2687
3865
3408
4778
1609
5569
3029
1551
5486
819
3651
3314
9714
7915
7986
4046
298
5809
7830
7975
6634
2652
6993
9507
6958
5654
3429
1694
491
7530
6608
4692
7172
8182
2132
1377
6280
5656
9528
3214
8500
8706
3597
8934
6312
6005
2631
6472
5669
450
1735
537
1765
9377
9508
6491
610
8159
315
7483
4871
1510
2320
9556
635
1447
7781
4780
5934
9202
242
5441
3614
82
2502
2023
7557
4608
3803
5249
3488
2668
7265
9269
8957
9739
8396
9134
1665
3200
604
1169
6601
5387
5498
458
2517
4779
2485
1319
4146
7674
8385
8537
9997
4515
6071
1860
7562
8815
1469
2898
9479
317
1075
5028
3751
3653
8809
7717
2574
3848
2377
7435
8342
8704
4514
2625
1339
9561
8779
6234
2707
177
1057
2086
4799
3732
186
4553
1771
1460
8848
1731
2119
78
4858
7583
5083
520
7252
1226
4757
4746
1943
4237
2837
5636
2826
3583
1764
3362
1191
9389
1143
2035
351
6734
7109
1392
7044
17
2126
9755
5825
1669
1755
892
3677
3925
2737
3891
4038
606
1744
1959
8837
3016
9279
467
4238
6729
5528
6978
8526
658
4421
3348
3177
5409
1596
1001
7235
6985
183
2250
8324
8862
4470
1040
8664
8893
1768
2666
4094
7500
1133
925
4961
5525
7139
6928
3621
6857
6935
8056
1263
4293
468
9914
9626
67
6667
7874
1030
9184
1110
655
4149
4257
2300
6421
6818
5002
9700
4144
3448
1255
8286
396
2405
3277
6286
2529
323
3111
7847
4679
6274
6043
3497
1370
4709
319
8856
4895
9785
9290
1541
853
5303
6013
5542
9896
6712
4178
1566
5989
4974
3917
2268
3052
4620
6223
3676
4276
9656
4716
4216
5855
6525
2097
4712
8218
4087
1828
8858
7216
2882
7409
5931
5792
3071
4393
1333
451
3539
9998
984
8187
3521
4290
8933
7681
8543
2856
5799
8042
4096
8549
1730
379
1506
548
9595
5349
8511
8686
4821
991
7355
3550
9648
4659
6100
2210
9904
1188
3558
3530
4287
9132
5048
7756
6127
7542
5863
7153
1947
6186
9504
7513
3508
1720
4362
3304
7780
6439
6259
8317
7263
8961
7611
2323
1539
8239
8512
1776
1678
8753
8828
4441
5155
822
4642
3639
1552
6783
5037
7367
9990
3693
4909
5994
1373
9603
2641
5879
9796
8970
2317
3211
5082
7894
9074
4280
4404
6868
9756
5388
9905
8023
9748
295
5850
1224
399
9943
4250
3423
6702
9167
4350
7060
7673
1262
7978
6235
8525
2468
966
924
6200
7439
6610
2981
838
1278
6265
4219
9536
746
5612
1187
6183
4209
2801
5508
3080
5823
9524
3975
7966
5742
2612
2957
4791
3261
1882
9009
5643
404
3761
8518
8803
1513
7744
570
4068
8810
2002
4153
4811
5808
8801
9283
188
2699
171
5969
8654
2391
3078
8084
5069
2554
9259
346
8813
3890
4093
5864
3907
5561
9474
7597
8441
6402
886
8202
770
8535
504
6517
5220
4881
4575
4409
6903
9060
1938
9987
9652
1225
1840
1290
3548
6555
7315
1276
4763
1254
9880
681
1214
8208
5651
9039
1642
8886
2460
9227
918
7221
2200
7573
4480
5501
8086
5832
2327
6435
438
4433
7672
2291
8651
6780
7304
7775
1366
2555
5532
2134
9247
7578
4983
9954
3962
965
9632
3817
9222
2448
8937
849
846
956
4157
7614
1579
8026
2168
9207
2796
6131
20
519
8830
5794
2270
8104
9702
2936
3650
1308
3567
8121
8310
5638
5414
7007
5818
9538
8222
1302
5840
5779
8458
8984
7065
4938
1249
1216
2772
8646
53
6430
9239
9481
6104
2675
6000
4327
8787
7211
8515
874
6639
4191
5346
8130
1448
2638
9483
1300
6731
749
6778
4214
8082
4160
2980
5523
1496
2594
7864
6272
7018
8674
3420
4262
8132
4801
6796
7364
8598
6941
2293
1939
4656
4917
9805
1745
5951
6782
1046
8529
9480
2436
3845
5959
9030
579
1646
657
8129
8198
2363
8661
6473
7186
4497
6293
1593
7458
4412
1588
5133
1721
6428
564
1192
765
8611
9687
9819
7647
201
7116
8069
4788
8744
1783
9604
3474
7480
6381
6157
692
6201
8948
4499
5406
9722
296
3026
2893
2768
9254
3398
6647
6297
980
6626
5217
3306
9616
6947
3789
7191
4366
9609
4840
6287
969
1229
8288
7340
9624
9310
5918
5629
4783
3586
2176
6638
2225
5671
4408
1717
4078
2184
5333
1379
9185
9323
6137
7050
6072
8183
8884
6025
3044
4065
9877
7642
1944
6756
9631
9709
7716
9460
9889
482
5681
687
8774
8839
3027
9542
7835
1341
5688
862
678
1312
2996
9351
5892
5270
1725
9142
8745
2418
4944
855
4951
1412
6243
5215
8868
9408
7034
1867
5025
8737
571
5084
5626
9061
8921
5448
7058
2229
2331
729
2382
7628
8212
4043
1102
2549
4424
753
1451
9291
8391
6080
7961
928
9982
6453
6276
1807
8199
4588
7438
8866
4469
1749
7449
5374
5160
4186
7208
6198
5379
1064
1606
8612
7053
1614
9712
3371
1306
1964
2786
7957
596
7609
1083
1812
2913
5124
4537
7311
3831
4109
4084
5589
7535
4272
5973
6263
1176
3593
2810
8157
6073
8994
821
5995
909
9373
1359
2781
5361
1090
1275
3551
2632
8022
178
5983
2052
3903
9366
2213
5736
2794
7222
1233
5487
7820
8277
8174
8057
5294
5398
796
9314
6191
4806
3178
1497
6950
5314
9322
6939
9530
8656
2208
4435
4690
9779
8854
2863
1100
7266
4395
6490
1521
7924
3722
2183
6898
6833
6092
2066
7207
6103
2994
6510
7808
1463
7081
8879
9547
9410
3411
2809
6163
6494
5575
1365
3934
9178
8315
8270
7274
4458
5419
2870
5338
2413
8290
3743
743
530
2617
7057
4734
6111
1182
2117
664
6845
6960
6166
1398
3233
6009
6759
2247
9288
6320
480
7845
6520
5425
8736
5370
4231
3984
4866
1560
5429
72
2623
97
3933
4188
8759
3255
723
9638
554
5131
9879
7098
2985
1052
8855
5803
2566
328
2738
3248
6911
7842
9101
3042
8556
6484
7078
5938
430
5510
5639
8922
5199
5721
7472
9211
5244
764
5631
35
8091
9825
558
9464
6871
7454
5323
6788
5384
5846
2154
4116
4218
110
7556
7933
4199
8675
5844
7679
9554
4878
4115
5488
1016
3334
4535
9225
1238
3023
6455
4040
6140
4369
6496
528
6877
7767
5332
5023
1977
7643
6553
2572
3239
1077
6605
8483
784
6029
7391
5662
3841
6569
6537
6486
9177
8281
3147
7751
1433
9050
5120
3436
755
1008
8229
174
4699
8959
5245
5587
1261
1196
1268
6123
2727
4423
876
648
4011
6519
720
4905
4474
8274
1049
5036
374
8333
2316
979
9812
8122
4854
5239
6341
8141
6714
3532
6172
5402
348
7669
6662
9944
7213
268
3754
7627
3531
7553
695
8027
6811
3617
1793
6408
2434
3511
173
9871
3609
7855
7969
1974
8041
1960
3167
922
7478
289
5444
5608
1861
7677
7069
8724
1863
5395
3733
7807
3290
5686
8266
2299
5814
2073
2759
6492
2873
2807
8410
507
1203
8355
8200
6927
8950
845
4119
9751
5726
553
7917
9407
4022
1239
9298
4715
9245
3706
9514
8048
8405
8225
2195
4710
1367
7430
2404
8629
5077
9300
6565
5438
1549
5179
4760
6594
8711
371
1743
2387
8271
2658
7714
7281
6207
3033
8834
3311
9951
1517
3341
8150
2674
1902
4853
1096
4685
1033
6762
6065
4165
6054
9020
2263
4999
2944
6489
8170
5870
2526
1059
5977
4142
9426
166
9115
631
3689
9424
967
4996
2346
6645
495
4517
4122
8009
3173
4892
6139
5095
4726
2334
8430
8956
2733
3183
7323
1051
8750
2177
6219
9135
1179
112
9723
4554
9133
3040
1047
782
3005
5146
410
7866
4674
1400
629
2777
2277
1899
2098
8284
283
9086
1557
3678
7276
3949
2713
7182
1639
9078
9673
8349
7726
9724
7574
2709
6926
9166
3818
7250
2006
1987
416
3554
3764
9263
8938
5796
7155
5889
193
5762
8568
5923
8156
9873
6325
8542
9841
1050
7048
3368
801
1303
8446
2966
6599
993
284
3443
429
4597
3110
8666
3490
381
3041
6974
4168
9302
4403
9683
8770
441
3688
6204
9781
4432
9271
5499
603
8875
6850
9642
6360
7833
3128
1473
3475
6848
4687
4555
8350
388
1532
6842
6579
4026
2362
1343
7788
4083
4841
5132
5653
5496
6149
1818
8373
7953
5380
3929
8968
1846
1120
1739
9499
9821
9448
2628
3492
6226
5558
5225
326
2058
1036
7132
7719
2978
5465
522
22
190
7837
5530
1283
3459
3395
2393
2037
1904
6600
6086
1937
1271
2643
5866
5290
8910
7073
2785
1619
4427
3038
7348
5667
6423
9801
9887
7085
6229
2155
5968
3020
6358
6249
1683
3800
9968
475
6995
6176
9114
9433
5287
8074
1029
5435
9147
6744
483
1099
4945
6032
8245
7499
5693
4340
9043
625
8548
809
3119
2013
4638
3157
6775
8524
6663
5088
5655
5786
5317
5777
2879
9854
4940
4958
4571
7046
1007
5564
7231
1705
6023
7667
8413
9159
7333
4577
5288
3246
6155
2455
2005
4232
4626
42
5628
4023
1170
5458
7520
2129
160
9106
7851
6220
4201
835
7173
7692
9
2107
9308
8673
117
4657
6503
8287
7648
6443
8289
2673
6324
7551
8418
9110
9413
5129
4691
4955
9374
7327
3278
2633
4875
5017
2587
3914
3172
6077
4677
6231
3013
1144
6511
873
2394
125
4319
8065
6052
3271
1523
1282
7810
9490
9256
1876
2744
9042
2812
8507
1107
6371
7589
1462
8050
8258
2954
5316
9606
5054
9661
777
1363
7400
6089
4911
1089
4824
2467
8928
7477
6694
7778
1621
9270
6487
1464
6113
847
4660
3947
68
1039
585
893
3680
2657
7905
5153
3369
9035
7720
6357
9273
526
9312
6046
3276
830
9864
8805
9811
363
6988
1810
4141
3320
1015
6501
3545
5433
7592
6050
4491
169
8954
3896
4862
3190
2586
8217
275
7422
5101
843
3000
8485
4017
4445
3410
64
8891
1868
1633
6398
8489
4557
4528
2351
3231
7733
6101
7666
6027
7908
6212
5590
820
6330
463
5032
4303
6033
7488
8148
2219
8085
217
9456
1769
7968
5597
4700
6902
6399
7423
6760
2273
3155
1454
779
8466
1112
2319
7249
3046
2840
1597
4473
7256
6516
4420
2313
7826
9824
3697
9417
3518
2292
1524
7739
4861
2372
6972
5351
3510
3032
9955
7107
7294
5376
767
6562
487
8841
7127
6417
9123
2109
8442
4325
3767
7344
4979
6585
611
4838
5162
9953
9965
274
6400
5197
89
1825
4542
3373
7596
3964
5326
7242
7450
4281
5170
2739
6819
1149
7602
8867
3953
7142
8616
8476
6477
4695
4512
5666
3372
3553
1933
6211
4775
9210
6747
1707
8881
5243
6346
7949
6814
7373
4391
8748
5293
3665
5800
2735
7459
4855
1718
2406
8473
251
7260
5031
5476
7857
3031
5552
5481
6673
6042
8143
5427
4318
7699
8453
8888
1477
8469
5410
9568
262
38
9792
1695
4668
7670
4634
1679
7004
8276
7523
8699
7860
3102
7588
7493
9278
6847
5271
400
6038
1526
4508
4055
7999
8510
9550
9906
4891
3820
5906
2157
1048
6825
1384
5704
5620
9339
5635
1201
887
3667
8345
58
8242
6808
4566
3637
1601
7220
9678
4832
668
9019
1547
5216
5987
9882
9044
8364
1808
3869
9690
4468
7328
1438
8232
6135
6887
891
383
2575
1101
7125
7030
882
1280
4233
6331
1199
2649
2635
9226
4815
7102
3007
4953
8783
1264
4749
7159
955
8513
8832
7631
3066
1209
7101
5674
290
9892
4563
930
7135
865
3146
4592
7138
7469
6034
3724
5633
7360
2706
4266
5399
6583
5183
4390
4583
3731
4702
3451
3421
9257
7854
8120
7167
2799
2892
1569
2608
2239
4897
2420
3875
718
9113
5684
7290
4739
3351
3204
3594
6326
1732
9220
6606
7715
8496
5257
2080
7694
3900
3748
4624
1890
3217
9252
8351
3544
1841
3205
3414
4784
3003
215
9489
6791
4649
3342
3193
1111
4301
828
8393
2366
6394
3404
4489
102
2902
5512
1305
7067
124
8726
2374
1043
3308
1713
8636
7561
9016
4737
2259
6238
4647
9533
7909
6108
8197
8849
8843
771
7608
7285
5917
1915
9983
7122
6327
6188
3449
837
1394
1685
7794
5211
6002
234
4733
2678
3673
3062
45
4103
6636
6270
5107
8916
2686
8550
9522
3301
5851
516
3354
4886
5258
4851
4848
9618
3256
409
6743
2422
5730
7963
6934
1752
8782
7486
7598
8375
168
8912
7650
4342
5470
6175
8729
8326
4202
7508
5113
9427
8366
2740
5522
5484
6649
506
2845
8585
8291
4828
6912
8478
2116
7111
4802
549
9518
6706
8818
1177
9862
7536
1612
6401
8917
4644
9901
9077
9198
793
5022
3970
7079
8303
4522
2965
3916
533
1655
4651
5711
9435
9553
6619
8590
2290
1336
3643
5737
7119
4636
7021
7000
4943
4857
3221
9343
3991
9253
9741
2967
3828
8523
2729
866
5843
7080
5754
6442
4682
2034
9059
4305
138
6426
9493
6829
8627
7363
8635
6478
850
2493
1486
1528
4640
2186
2877
8008
7920
1507
8552
9388
9857
4771
2373
2515
7368
3938
9286
4117
3670
360
7395
992
9705
4449
3487
4166
1892
5993
9743
8864
6893
3533
6305
7939
40
839
3452
2361
3997
2379
1483
4135
4016
4987
6116
9359
8407
1796
8435
6961
2172
9570
2895
1274
5047
4550
2952
159
5042
3649
494
1391
1420
6012
1428
2599
7853
8205
5169
9611
8708
8638
2704
5451
2419
825
7
1081
4969
339
3797
3606
1113
9250
7501
4812
2248
4461
150
249
7095
1325
5854
8382
772
3726
5741
3770
3298
9614
9516
3132
4138
6290
4437
6059
4112
7838
3855
4829
3600
3446
7709
4334
8487
5357
5342
9500
3339
9713
6943
1851
7245
1632
8618
6772
1758
5997
7802
6628
7604
6526
7974
9048
2637
9313
1437
8101
1217
2144
8722
6596
2067
4598
1879
2081
7484
8883
8123
1357
5024
5175
3998
8814
1640
2653
4902
8096
1489
761
4774
8625
5637
2148
2008
3223
4464
4888
3082
7655
6026
7865
2776
9651
3380
7124
999
2218
2056
6485
6095
9219
7144
8825
3455
5235
5520
2520
4680
3401
3215
4950
5802
5167
5057
3473
8296
3073
3942
2708
7476
2326
9484
200
1772
3056
8241
6336
2288
5142
3986
2384
6169
8769
7414
278
6066
3894
3833
8797
8110
9309
6981
8320
3704
6924
1880
732
2478
4315
1092
2130
1871
2610
9105
3444
9206
9181
1026
3773
8002
5062
5976
857
2906
621
9045
3383
614
8607
9358
9173
6061
8570
7522
3381
2585
8151
5130
6722
4548
1850
633
7254
7190
6738
6918
8135
7192
7599
5189
8593
5902
6790
3753
7170
4156
1709
3746
586
618
2695
9585
7617
2231
2221
7846
119
5979
9921
8683
6913
7615
6352
7239
6622
6535
9809
6524
8755
6700
2039
3725
5265
3091
6292
2905
1445
7983
4033
1408
5847
545
8614
2700
4075
8231
4544
8278
7184
5278
2987
2582
2753
5982
5519
7695
3786
4543
2971
6953
574
1369
8733
6337
3114
9079
1088
2238
3888
3468
6726
8517
7704
672
5805
423
3072
1012
5014
844
1542
4637
1331
7415
6134
1025
7818
9589
8260
3908
9157
2834
6514
3853
6321
1080
7955
8052
9145
8503
1734
1900
747
7882
5685
8892
8939
5000
3461
2010
827
6456
5886
8163
492
7629
1503
8988
8468
6721
8450
6311
8999
2241
7140
7657
2065
6465
3852
66
7479
9241
9233
6992
7958
3326
9379
9762
1091
4863
7965
3208
9644
7489
1921
1232
8728
9548
7108
333
2355
2099
219
8089
3570
228
2279
4475
1962
2661
5091
9033
3507
1704
6799
7951
1251
538
9432
2816
9630
4593
2899
6165
5891
445
4028
9375
4194
971
1978
264
8131
9753
659
9281
5554
1671
9847
8685
9697
5415
7056
620
2233
6144
5381
4991
9794
9674
3592
7743
1063
9531
3587
1852
2256
9677
811
1760
229
5417
4590
3048
5184
9215
389
920
5625
1338
5055
8147
1862
3059
1056
552
8172
5092
1638
6908
5116
9774
5574
240
1849
1660
1929
4756
1972
4400
9693
5106
3336
8980
7911
2604
1631
716
6334
9581
8823
4865
9505
6531
1540
5018
940
2207
5811
7308
2011
3823
6830
3602
9122
6637
3579
9498
6607
934
3345
3524
4879
2931
2018
6247
6707
654
7062
5232
2559
7907
8293
7025
5838
9129
1971
7219
5903
1183
8029
9984
1622
769
5367
8505
4309
1031
1917
2160
4729
3117
8940
945
4123
8771
5956
4541
8599
5714
3556
2314
2868
670
8563
1991
2527
4185
2871
6800
13
7555
41
2748
8221
7980
792
7971
7843
786
8653
8951
8206
5873
8960
3083
2199
9523
8397
4970
2915
7836
7463
3902
7247
9695
5645
5990
7279
6288
8573
3509
1421
3972
2395
3074
6168
8250
9913
8367
3230
80
5876
1032
7825
5835
8798
5260
3771
7510
3140
6006
4963
9195
5675
165
9431
9540
4388
3936
9685
8175
5709
3428
1600
4002
7988
10000
133
3744
6653
5068
3353
9848
1095
3534
5516
6777
6245
5665
7043
674
3180
2548
5831
2993
4919
9789
894
6393
4049
5300
2671
8235
9612
6789
2717
9572
2061
6678
3432
2689
4932
9397
4503
3319
7431
5751
9400
1728
535
3484
5029
8876
8920
4032
8246
802
1383
8474
5607
9394
9212
7765
864
2990
2947
7341
6488
1983
5331
7824
4247
9735
2507
3799
6862
2180
4916
6677
2020
8885
3463
5195
9017
6296
1843
1004
884
6154
6538
6692
4062
221
4434
4513
9364
459
1816
1613
4627
4425
829
6718
5407
3242
7910
8371
4915
5897
3685
3357
4536
6865
1786
9117
39
5679
4673
2076
5194
5766
7452
6884
9767
282
1293
1364
4392
6679
8528
4782
6008
5013
6184
1896
9861
7322
6648
4551
8102
8191
2846
2945
1332
3001
5986
986
4223
461
813
8967
8615
7580
1520
6727
3467
2255
9102
4264
1637
3897
4114
9217
3058
7292
5420
5529
4322
8216
6151
7569
9684
3333
294
6560
4401
1893
4527
7352
7711
815
3873
2654
4148
252
1945
2843
3194
4414
3466
8061
9454
8658
5041
6703
2063
2315
189
5262
479
2784
7565
1137
6210
4241
6990
8136
578
2311
3913
3807
6392
9552
2716
3886
4669
1780
726
6994
6036
5828
7244
3826
628
4621
9852
3989
677
4455
3874
306
5461
5329
8833
9040
1208
149
7005
5158
1126
2831
4721
4750
2278
3196
6495
7804
5076
973
7123
8943
1070
8422
2335
6530
8075
7793
5369
7345
6591
370
3912
6011
1623
8103
7297
1838
9769
9293
2500
6742
1158
4364
3374
1982
4942
4488
1053
6810
1103
7989
1629
8842
3887
407
6502
6481
4706
456
4251
6406
4560
7730
6880
3608
6016
5504
390
5322
7741
9112
8273
9175
7218
6126
7351
6129
4719
3332
9046
5795
4351
5449
5347
5401
9619
7320
5200
8256
9788
5489
6955
8368
7829
800
4797
9527
557
8609
2581
140
9610
7055
8438
9776
7764
4260
4894
5473
2883
4224
599
3965
2206
7819
4211
832
9084
6979
6385
6646
8560
2285
7174
9029
5691
3390
9760
6766
9728
2937
5238
501
3859
2857
2069
7462
288
6258
3356
8971
8754
8713
2664
2118
1572
7136
1697
9969
4532
2542
7444
8621
2499
7389
435
4027
1135
6752
6672
3529
8087
5
8261
5372
2534
70
1911
1970
6250
4298
6497
948
1636
5884
1866
1925
653
9842
1515
3687
4954
8595
5936
7335
3225
449
3995
5231
5992
2854
1066
5389
9240
7639
2926
8652
2158
8017
2917
2289
453
6436
6253
3633
1658
8796
8161
7950
652
4167
4158
6809
1345
647
6143
8882
3741
8534
8423
443
8703
8390
5428
4274
5198
7494
3781
3604
9148
7299
2201
7105
3802
2050
9067
61
9488
8011
8705
3179
9031
4417
7234
391
5869
1387
1884
3974
6132
3366
6620
4346
6380
1119
2103
642
7512
2670
3235
7394
2488
4296
7779
3837
5697
9850
2833
1134
7456
3329
9306
8230
7844
37
938
4467
9995
5852
2690
5619
5729
4684
2349
4143
7227
7872
49
6867
5784
5493
9003
2962
146
9330
4581
9701
6177
7705
9441
4057
936
942
9745
7558
5856
1154
3854
2159
2324
2091
9382
6851
7590
7359
7402
4662
2033
9865
7885
1242
8415
5001
9717
7960
7466
3285
141
7289
6804
3589
3996
6118
2825
6332
7042
7867
4792
8213
1294
5336
301
4072
2038
5900
4622
9560
5119
3849
1533
722
4939
7880
2563
3843
2580
6839
3734
9352
1349
707
5016
7616
651
6709
7040
7475
3442
2771
6665
9993
903
2251
8316
9891
6309
3646
7128
2940
7806
814
128
3094
4242
8927
4814
8160
2165
4367
6158
7396
7185
2676
3728
5139
9834
9170
1492
359
9051
7229
4745
1668
2339
6604
2235
9532
9419
3402
6612
5086
911
4336
9602
1798
1084
8717
3099
7805
2878
3096
4907
7635
1757
1000
8840
3958
4446
577
9815
8357
9541
3262
270
9679
9103
1281
5728
184
5948
2294
2804
9187
2245
9564
4077
5386
9229
1688
5822
5861
3238
7347
8346
5480
69
452
1021
47
9962
4901
8060
8597
9732
6770
5661
2769
912
3054
5298
8887
3795
5279
9584
8964
5610
9087
9835
963
6261
4728
1627
5166
3537
9977
515
3427
8055
8294
9320
6881
3397
7506
439
9833
5780
2697
8969
2600
9284
1995
77
8831
9337
3124
5905
4831
4631
5483
9165
3450
354
4561
7195
7161
2918
536
1455
693
9763
2187
3234
9942
3777
3798
5063
9324
2578
734
4789
8669
2933
7054
5611
8718
8432
5003
5081
6160
2077
5712
8514
3495
9056
1570
1164
345
7954
8816
9715
9315
9391
7734
4920
7248
9782
2960
5829
8790
3125
3889
6213
1567
7579
3139
2680
5267
4827
806
8081
197
1611
302
6817
8746
2576
8589
9089
8981
5304
7517
3735
8800
6347
4317
1337
5725
92
6666
6500
447
3015
2988
1803
3145
6093
6024
3968
1607
8128
7724
4773
9294
4928
2730
3523
4004
8731
8991
3315
3269
9146
1966
3990
2212
1173
778
8259
3360
1160
5782
4361
5015
3281
1121
341
34
1168
4212
5437
4196
8203
962
7388
7879
3049
4051
2938
2198
988
1424
9292
8860
4833
9251
5110
8010
7411
3872
4754
1844
7419
127
2886
52
2714
943
6518
156
3331
2272
8370
6466
7613
7413
5087
4125
9405
4607
7467
5456
2861
1553
6230
9707
9797
6091
8178
1193
4328
1413
6121
6733
3946
5821
6310
7129
2196
3755
6480
5788
3224
3668
6568
4067
1431
6314
1751
3222
1147
6564
6586
808
1072
2302
9520
4707
9192
5885
5732
6983
3918
2257
5925
4308
4035
1575
8335
6452
2265
4484
3957
4787
248
9791
9773
9108
7770
1494
9162
9097
9780
9223
5269
358
2437
7754
267
2991
8046
4559
6348
7790
8671
3011
9501
8126
8979
2904
8544
7262
6802
8802
8808
9829
5436
1738
1883
2760
7659
8531
7993
8752
2070
3126
1323
1272
6373
7718
8083
8219
5289
902
6354
2204
1774
1859
4623
3118
2429
3453
276
3576
9386
2992
1220
3504
8184
9934
563
9916
8419
6372
1903
9393
6384
2787
10
139
3703
990
6755
7118
1441
2338
3355
5659
2780
6217
725
7038
937
1548
9660
2564
947
3391
8613
6769
9136
3109
1106
9318
1347
6476
6458
6015
555
6315
8158
1086
2100
2516
413
9689
4805
2007
4628
6202
4039
239
9038
7985
5043
2765
7922
4924
6886
3560
9647
1480
9430
2603
8362
1543
4533
730
8622
721
7748
3915
3923
1643
9777
1661
4347
4245
9565
5432
9931
9124
6068
9305
7317
5518
84
332
8851
3479
1354
2630
1227
5720
5404
4370
661
7691
2194
4982
3392
1054
5698
448
9455
6863
2427
6549
6306
2318
1326
1141
126
3061
2121
1847
2939
4873
5251
4225
7526
1435
7410
7137
9287
5765
9121
4926
669
8495
7581
8015
6723
8492
6920
1845
9012
3752
688
5191
5149
2775
4589
1395
5975
7995
868
4436
9395
2504
8545
9037
9959
4708
5580
3562
6039
224
3866
9772
6529
8255
4056
1814
147
790
1901
2203
4236
6411
4288
9881
6147
7575
3184
8491
8044
3736
2979
8338
5171
7201
4798
9478
6377
4630
5005
595
8036
6260
5163
3265
634
6761
6208
9843
1512
914
3135
2106
1864
3406
5998
8847
1190
2046
639
9838
2340
2508
1368
4742
8730
3514
5836
1556
2751
2226
961
2358
9750
9915
6248
5895
4509
7571
6557
7126
3163
3572
6283
2519
4452
907
6429
745
8343
9057
7850
881
1761
1952
5392
5490
2929
3486
1689
8628
7371
3739
5058
573
1518
1205
9088
206
3835
3302
2137
7815
7997
24
5102
2639
5815
3207
4546
5281
6359
3712
2312
3090
481
4531
1024
8421
2015
7693
2912
5776
2475
7660
3241
1418
7361
4579
1329
6395
4215
457
4130
8116
6906
660
1304
382
8925
6882
9557
3699
454
2718
1002
3910
8901
6413
8509
7206
9047
8946
7453
7306
3028
1146
952
5734
4139
6689
615
397
418
9436
6602
8605
1804
2533
9645
5735
2752
7577
6364
594
2403
8443
834
8414
3794
7862
5035
1459
3077
9613
3981
5266
7356
5570
2014
6572
9736
303
6859
8679
2328
6244
8541
6194
1166
7560
9930
3379
2705
1298
1527
7309
7784
9180
736
4591
1662
4957
8919
8743
1924
6237
2214
5339
9535
4200
2665
7445
8243
6268
7365
3575
817
6615
7763
30
9143
5210
2092
4071
7858
4949
5359
7800
2511
2644
5775
789
2371
1108
6559
9696
7130
8583
6625
3321
1342
5237
2356
3425
271
7233
921
4903
8304
334
120
5566
7537
9477
4170
8978
3412
9692
1142
760
5065
5658
4332
5914
9267
1677
1953
897
7160
4735
9188
7676
4184
1746
4175
9716
4975
5771
4463
1430
9903
4869
8233
2145
2655
7607
7919
1125
4538
2085
6730
9593
500
1402
5033
5513
3422
3385
6844
353
5070
2903
4052
5614
4030
2827
472
4487
8822
3785
7251
2853
9475
8312
2763
5567
7906
7859
4061
7026
2297
9627
3738
7429
9623
2016
608
3202
7856
6257
3906
6655
805
9820
9543
2223
349
4086
8209
1930
5849
719
2851
4586
372
2390
3598
5908
2956
3133
9569
2298
5953
8676
4843
9070
9255
4994
6753
960
6082
6693
1215
4465
3595
9154
6609
3892
3584
9081
5385
649
4159
3182
9727
8966
8142
3244
4834
6085
3864
6205
7350
9720
4977
3106
5187
2561
7425
85
8591
8319
8944
3482
7996
7540
5593
1019
2114
1756
3793
7432
3825
6161
2133
1666
7277
1781
6735
498
7923
9546
5012
431
1256
1581
5061
833
3076
7869
6182
1301
4192
3228
4995
4941
5391
7387
5412
7772
7273
3289
7927
7696
5859
968
9655
5312
8164
8181
7270
7418
7083
8947
4641
2512
5723
8650
2354
7487
6513
9588
9577
4128
646
7938
5181
3535
1260
5692
2921
8227
4345
5039
1299
5328
3382
7964
1698
7346
4206
420
3464
8111
9032
529
4203
6376
8632
5842
8020
1885
8384
7331
8361
8897
175
8327
4935
6997
1493
2174
4993
4507
5650
9176
3493
1355
4244
7375
2307
9849
5585
142
8325
6167
7474
3176
4492
768
9874
1115
4118
1649
8014
1221
5176
2451
7149
172
3700
3954
7761
9664
9471
7664
3122
5340
8973
5797
5174
8311
1148
8680
9958
1874
686
1958
4066
3377
7891
8236
29
8332
1037
5609
4600
2224
1592
1165
7412
8282
1747
3457
8643
2113
9236
8073
304
4162
1078
8817
3396
3260
7106
2053
3338
5718
509
1591
8826
8555
7873
6254
700
7792
8477
1641
2167
7072
7177
8090
1210
9082
3723
2071
2974
5327
5807
6758
7776
6441
6236
9130
505
728
134
9622
3883
18
741
3084
3297
1766
8861
9472
4034
1417
4872
9868
4574
6787
422
4547
322
2498
1340
9482
292
4396
6303
6616
6239
3644
6422
9469
8457
9080
4294
6142
9591
1881
2684
8363
4270
9446
4000
7813
1069
3574
2040
6957
9672
2647
995
9399
3470
7797
8758
3203
1361
2547
6632
5791
2928
4312
9465
7181
2343
5543
8224
5156
5682
7871
153
4187
9888
3437
2997
7343
9248
9599
3364
5196
1779
2551
2789
9127
7605
8895
3305
9654
6316
3730
3280
6899
9926
5140
8633
9158
6409
6574
3829
3087
3103
2281
9601
8945
8942
5224
8710
3142
2525
8846
5423
1701
7428
4665
932
8725
7286
7194
566
7212
4613
2995
8688
163
8600
3501
6933
8337
4282
9793
6869
3983
6444
1018
9650
9699
1172
6803
6405
4129
5292
4007
5700
9790
2284
8388
8444
6414
1426
898
1287
607
9023
2850
3838
8974
6056
3559
1453
510
8024
2963
2303
3249
5168
5431
9232
5079
5020
9799
5310
3547
3867
2227
5909
5447
9991
3830
2884
5307
8594
4967
2444
917
9706
7433
8038
2381
9895
9668
7033
4277
2414
5201
3361
8257
3561
6964
8659
597
9731
7890
272
6350
3977
8751
867
5947
7100
3717
7610
291
7521
9859
8735
94
8295
6705
2568
9071
3765
7886
3416
3705
5218
8176
5945
9952
4304
4959
8078
4663
2470
1815
1456
8262
5960
1258
3674
3030
2724
9858
6447
2264
8762
6907
8768
2266
2795
5699
4652
7176
8124
105
6266
9107
8697
5337
4839
3191
1651
1376
6754
5060
6170
6546
712
3268
3966
2596
739
7760
2156
8330
412
4603
9024
9976
1490
6308
7663
6289
384
1003
9230
4289
5315
7541
3400
60
5090
320
5011
5563
3870
9972
650
9860
3279
5202
3660
8480
2075
8067
2191
7134
7959
7942
7582
9989
8401
5371
4927
2607
137
7036
1076
5820
6088
7572
4793
5209
9744
3758
6141
1748
9580
977
5138
1058
1787
3555
6631
4341
1386
4618
9590
4580
9307
6776
4029
7268
7386
7264
3127
5450
8698
305
1753
5255
8640
5136
9725
7178
7769
6795
5853
9964
406
5991
4378
8911
1811
33
8424
9345
689
1824
5966
3104
6416
6576
4980
9521
1334
1197
3885
6554
2388
3309
6461
7782
3542
8499
7045
7519
1750
3927
1350
9653
3893
1504
5719
6901
8392
8494
4009
9450
8547
2622
8734
4137
7088
6391
861
7757
7626
2539
706
1976
3615
9575
6595
2565
9515
9034
3148
7878
3212
9719
7729
2024
3378
9368
1568
534
4976
6580
5064
7240
3801
871
2726
5286
6340
4914
8043
269
4140
9578
8665
1618
6676
5926
1887
8993
2591
6897
935
941
3941
4248
1647
2489
4860
4785
4526
1598
3811
2042
8906
5602
7936
1491
4846
9517
9348
8502
123
8077
4870
7349
222
1011
5916
8268
6963
1313
8955
4964
9404
4368
8668
7298
7426
5544
2560
8619
1230
3101
3310
5904
8140
1292
5706
1127
3168
8428
9470
4921
7075
7934
5603
7215
4397
1856
2428
567
4107
3186
8372
1830
6603
2064
5252
7031
9734
8471
7502
6361
4059
9331
4376
9440
9150
7223
4520
9151
9317
4310
3264
5161
5801
2571
5311
6124
3564
6541
1324
7482
2122
9246
4279
1708
4893
1416
9947
733
309
2025
3858
2522
8723
4686
3659
7889
1034
2764
8799
9090
2782
2178
4092
2798
2473
4210
3043
1423
1344
2535
3729
6047
2197
9872
7214
863
5478
4111
5757
4183
6362
3324
1727
5924
3580
2828
7166
3403
602
216
4703
1393
2567
9754
4089
2410
4462
5756
6282
9988
4256
1702
5344
1348
6069
9823
2325
4826
355
4459
136
7904
365
1571
7977
5365
5075
7225
9091
1992
3720
9555
2456
385
944
581
7492
9539
818
3647
8007
3899
9095
4887
5616
7114
1909
8275
9740
5749
4121
1461
3710
1079
9434
2550
3652
2123
7606
273
7703
9277
2217
8226
6558
2332
9544
6007
3494
4929
2773
6654
4113
7528
2888
4565
2909
6232
5141
9897
9837
6996
6643
2590
4573
9387
858
521
6767
2409
1857
6404
1914
9458
8098
774
3780
2793
9172
4147
7671
2234
5285
2923
4337
2911
9878
9870
393
9329
7821
1372
915
3039
714
2743
8781
1465
2090
8118
5582
9691
9802
6094
9401
3519
8923
3257
1027
9144
9299
3694
1194
3263
83
9238
7471
3115
3806
263
7529
255
285
1865
951
2017
3454
682
3266
6022
1307
7381
2901
9125
1692
3086
3267
9156
6582
5511
3153
7257
6407
1087
694
5368
7641
2648
8836
5377
54
2941
1770
5871
7544
8678
9680
2844
3138
2330
1259
591
8907
7654
4646
9669
5134
2028
1498
8313
1380
8587
5004
8252
8574
9503
9764
6998
1286
5343
3517
4457
9231
3536
9275
9416
7446
7712
6051
9830
6115
6987
3648
4845
1957
4931
4316
5150
8824
6228
8792
3017
7029
266
8434
1104
2452
3050
5739
561
2094
3675
7272
8167
2830
1042
3960
816
6335
6841
7147
2400
9937
8558
2068
1889
7840
6617
6105
5781
2441
3819
8696
6159
5355
2839
927
9052
785
8857
9069
4587
5236
4355
7584
1181
8932
3778
1558
5248
7061
8449
2685
9365
6968
6915
2012
690
622
3181
5813
2062
2337
4429
8331
560
9325
1853
4847
3160
5052
419
7051
776
5442
9920
8237
3
2019
1266
8154
9280
3810
2438
9694
2570
9911
4013
8520
8506
8715
705
1028
3642
8482
8253
2474
4837
5121
3327
6014
4688
6152
135
5883
9594
4398
4986
3171
7296
5761
3502
5177
9738
8522
9576
4339
9199
638
9922
8302
9075
1482
196
6876
2688
7636
6675
4073
444
3967
978
9710
9851
3709
7437
1554
6548
5988
8308
1389
9194
2982
1186
6855
2415
6192
4044
55
4444
4615
9083
6837
6593
6891
7812
2045
46
2848
9749
9495
3769
100
9261
1167
4753
1152
3631
5890
9439
8240
701
2865
1297
8
9342
5894
1457
5877
4933
3645
1951
6686
3961
6351
613
9726
2852
1404
709
1839
176
5382
6910
4612
4006
6982
6279
3772
7011
7811
3386
2767
6397
3666
9766
663
9752
5798
8336
5683
154
7725
8631
2817
253
4331
2779
3836
1223
192
8378
1240
8037
1919
6567
5413
129
4197
4252
3358
4005
6386
9200
799
2043
889
7982
5534
8521
1759
6944
5066
2009
1375
6107
5783
1630
7623
6122
8859
432
7543
9827
2710
7232
7801
226
8062
7434
1872
6701
1247
1795
6412
807
2894
2464
2977
3483
5837
44
8873
3413
3093
4670
5806
551
1178
7094
5345
8107
4344
7742
7003
8987
2424
5913
6746
9274
6506
6079
2976
2536
2423
7870
9420
6449
3742
1546
474
5253
1603
2051
7465
490
8408
8169
8996
3871
2190
3969
9510
5463
8670
4672
783
499
6740
6214
4182
2506
1563
9014
2308
7305
6942
6378
4666
6271
3683
851
3116
4133
6255
775
1452
3904
4415
9262
1583
199
4882
9076
4906
8223
3079
8285
3812
6658
684
1501
5538
4448
4471
640
6302
4794
6832
2973
366
4645
6382
4972
1351
2934
2048
1411
7074
583
2832
7534
2482
6045
7382
5229
4285
4127
5505
3540
7473
2736
6374
4625
7630
6741
6125
4181
7198
5887
8604
1762
3994
8360
7384
8267
2968
3618
7421
7141
8139
51
6098
5026
4552
4539
6057
5882
9502
4948
9529
1074
5588
62
8812
8561
6929
6369
5562
2171
5335
5664
5230
5421
2495
5474
5634
8283
6581
7408
4229
5040
5044
3926
8761
4842
3322
9729
1722
9948
5964
5600
8578
7378
4204
7157
1652
4375
7646
7441
5185
5112
8586
4413
9814
6483
4482
7946
9021
6498
6304
9376
9966
9193
8870
5114
2646
1742
6641
9899
7199
7661
5547
1156
4885
5148
1006
5426
2476
9816
9272
5978
9096
6387
8080
3283
2734
5598
9174
8195
617
5097
4718
3055
260
8493
4102
299
4960
4299
8690
5927
5151
7539
496
6838
2417
9607
2614
185
1602
3426
5256
9438
7427
6695
1888
7722
8447
8865
812
8588
643
511
3121
7325
9846
5573
1659
373
3816
3638
4518
6728
5687
9890
5915
645
3901
5787
1715
2969
3456
9898
1390
5816
5362
3057
6418
757
3985
3270
9197
1790
5676
6048
4222
2287
8648
6725
6793
6967
6750
9908
9806
7278
1544
4
98
6763
4307
8177
6090
4908
7632
8465
7205
5935
8094
4800
3809
9447
803
7828
2128
6923
9100
4259
3982
6989
1159
8554
3692
9721
7972
888
1696
4770
7668
7861
8562
3370
2822
5206
6680
5824
3313
9817
4769
3485
6624
7086
5352
929
6285
4036
5952
3088
3407
3272
8248
5396
5621
840
6199
5364
5319
8695
2814
8109
2858
5521
8913
762
3528
7814
1073
9332
6642
6195
878
7753
6209
859
3294
3149
7706
3100
508
2142
2282
7258
214
3489
9411
4081
300
6153
8592
8012
3112
3629
1935
4451
2719
7313
5919
1257
7068
9519
3619
2392
662
1358
9787
36
9839
8835
9894
6424
1150
5233
8247
4080
6078
1328
2553
9073
1806
6715
1711
1912
2471
7012
8445
8272
1094
1928
3002
1184
598
4406
4105
7300
4683
2497
2972
9666
2367
6356
3909
5100
6368
4997
3526
4410
798
3774
7834
230
3827
6657
3134
4525
5758
5306
3229
7737
2998
3162
3832
8852
9639
3898
4479
6277
2593
9422
8720
4100
6240
2797
3295
4284
8785
65
9923
4172
4795
8475
8926
6241
8034
1403
9062
7707
8791
3669
15
4217
387
8437
311
6573
1273
2280
7291
7658
8112
3151
121
8567
3850
5405
4599
8076
5848
4195
1670
3656
8108
7230
213
5038
7405
9967
2439
3441
8138
1228
3460
7403
8623
8400
8404
576
5672
1985
9235
6294
2027
8569
4835
985
3219
6807
5642
8000
8995
1561
7082
4530
1996
8238
4155
6561
3766
3655
9340
3365
9015
1726
73
7944
1536
1736
666
3628
2598
23
1530
1823
6370
751
9608
8634
8941
4569
7162
9093
1819
1741
2723
5356
5466
7527
6708
9452
5105
8033
6396
4063
1703
5007
9919
5860
3024
4744
4150
2127
5378
575
8709
1645
7680
8095
6816
836
1577
4723
7758
3458
1128
758
7019
2715
1320
6784
5710
7342
6145
4822
4639
116
367
6852
7491
2907
6969
3317
4485
8137
4818
5455
8454
2806
6556
2111
2466
4922
2922
277
2397
3768
4678
8498
2722
4460
1782
5221
2959
6828
7710
2790
7200
2538
4605
4136
8113
919
2531
5965
3388
245
8982
2228
7652
6010
3679
5599
5531
3143
1973
7992
5118
2620
7898
9910
2088
4478
2352
632
4173
1291
4198
9768
48
4348
4498
3625
7115
5541
5944
4898
9912
2778
6668
7634
9421
238
3019
4380
4300
9975
5701
3973
9559
8530
899
6831
2573
3393
8165
2813
4321
8386
9999
8307
3035
8747
2322
3185
5046
8694
8553
9445
4283
4808
2696
7443
8412
8456
2662
9936
696
1993
9733
1123
4576
1525
417
2480
860
8173
9380
2975
4476
1118
8244
7618
6895
923
3192
6946
3955
679
6962
5932
2669
3682
1132
1139
9467
179
7334
1244
3245
2243
4416
671
6388
8626
8228
9765
5872
4786
9406
4956
6543
4529
6379
7504
4177
2112
7884
981
180
3352
7931
5896
6786
3924
1706
5390
1537
9971
2450
6522
7380
8863
4286
2749
3387
1055
2378
3415
2175
7594
3158
408
9304
7587
325
132
2059
3939
3503
337
4511
1763
3944
6353
7740
5617
3089
6251
4705
5817
1014
8551
6688
8411
462
3477
9974
8006
3922
9002
3759
1472
4762
8777
1531
7084
5755
6190
8811
9563
2924
6323
7637
7369
2788
9770
4751
1401
8427
6952
7940
6468
5272
4193
8900
4675
1644
2543
6410
2629
425
6460
959
6587
6018
7490
7023
6403
2970
2811
1062
5173
7448
6652
1231
489
5135
8894
9336
2645
2732
1675
4134
9698
4966
9526
1931
1969
6512
1988
8448
2602
738
8889
4490
1822
6597
7962
470
8853
5509
6765
4313
3930
2096
3144
4877
3541
3636
5680
2597
6390
9396
5393
162
6598
2004
5313
3882
4658
6536
233
8461
7568
5264
6196
5971
3500
2640
5078
4748
6651
3286
4633
8321
1610
3004
1680
3792
5021
1295
8352
8766
6246
6551
8196
258
7015
3159
976
8880
6171
8490
2618
9126
4768
6041
335
2746
6932
6905
3814
4973
8527
8644
9360
1245
5495
3718
5172
4314
1805
5551
446
3711
1212
6278
3654
8767
1185
195
5273
8263
3197
8186
3662
9869
1895
1797
5747
6883
1218
4781
8557
2935
2147
4098
21
4629
6389
5296
7103
6540
8637
3169
1956
1833
9893
9026
7312
4221
3783
2910
5940
3622
9205
7976
9625
589
1550
572
4048
8838
6273
1235
8119
2341
1284
405
5137
7956
1791
8559
3876
2805
759
1045
4439
1854
2611
4820
9301
4263
8896
8210
7832
7892
3624
395
6823
1044
6420
9461
4320
2747
4329
6936
32
7104
5143
9586
8804
6322
6630
7548
4108
5309
7914
1922
7612
5115
3282
4809
7595
1785
3037
1650
4741
2193
8739
8440
6779
9545
6081
3010
9784
7110
7436
1296
6459
5430
5223
5752
1071
1449
6527
1105
4694
2153
8684
5703
523
9196
8963
4101
7796
1842
5072
740
7393
1740
2457
8976
1827
2849
1502
3721
4180
1020
3220
2082
2524
4399
6375
2819
9260
3346
5577
9924
939
9562
7827
3573
5668
7799
2703
9737
2835
9730
5416
7253
6684
4456
4727
208
4358
7651
4255
71
1700
3779
2000
5325
9853
6203
6916
8930
3291
5515
3045
8420
2829
280
7877
9064
9338
6178
588
8983
7406
8949
2510
2412
744
9357
3623
9415
1940
540
2242
1906
3805
791
8749
6339
7798
7538
6467
3107
9063
7175
9941
4807
344
1508
3006
8334
4643
2459
8914
2783
4349
675
1858
1999
6578
4486
5471
8727
398
3552
5748
2518
2030
164
9296
1809
318
329
2838
5452
9957
8672
4758
2577
9940
3749
3980
8519
2890
4724
5502
1800
7896
3165
5540
6681
2453
5568
3839
9276
4667
4385
6053
1653
9994
2855
2762
7564
5275
3434
6148
1667
2336
5974
539
5400
3634
2750
2887
6437
4764
2867
9935
5324
8049
8610
2110
4018
8054
6618
148
1246
5702
6313
9786
428
307
1097
3419
4524
9341
6691
8329
9643
2896
6475
2398
4884
4099
5334
7937
1085
3478
2544
7358
7731
3240
7470
4047
9996
9000
7515
6534
8040
1835
4389
9828
2095
5583
9451
8775
656
2216
6812
717
5274
7287
9476
4174
6670
8464
4946
4810
8462
7620
3123
4234
8479
3435
9986
1682
4609
715
2621
4213
6827
7932
4730
5354
8254
2701
5228
350
5549
2651
2252
378
3632
1699
6717
7238
9867
1926
421
3384
6338
5462
6070
8064
7732
5127
6087
9168
6431
5773
6879
9190
8872
1399
4271
2151
9041
7016
3543
975
1936
7785
6264
1905
1585
8899
7503
4333
3525
1116
211
3092
8639
8189
2961
6440
9485
5073
2237
5907
900
4904
5594
1729
6450
5880
469
697
7970
8318
1605
8347
2946
7697
724
8251
3932
5888
9596
910
2487
5841
2556
8058
1138
6515
9049
7332
3164
6446
7723
6991
916
1316
6
6650
9321
8821
1813
9583
7505
7586
1414
3363
1171
3658
3108
2579
673
6060
9028
5109
3433
5006
5557
4981
8133
6434
9349
9804
6493
5740
1836
9682
5713
4923
8406
7787
8234
9266
26
6864
735
781
4549
854
3343
8929
1065
3775
1690
8772
5045
1362
9326
957
4074
2642
9509
7973
4654
6084
7789
3796
3259
8425
1574
3905
8692
1317
1198
6785
1060
6136
6720
1519
6664
8608
115
5579
4372
9459
4632
8877
7875
1674
1013
1998
1207
9494
3418
4825
7736
9297
6035
3068
8298
7076
5930
3496
6977
8369
6284
2875
2872
7047
9657
357
5644
6173
1648
9355
6861
9808
1681
261
377
5207
6119
107
1511
711
8309
5254
6019
3323
896
1499
9066
7516
8827
9109
7120
9316
3274
2232
6252
559
7998
704
7319
6227
9973
5716
5467
4864
702
9573
9371
1157
109
1656
8166
203
7002
6367
1322
7010
5482
376
1773
1474
4422
1478
4407
9398
2375
2087
1415
731
5348
7687
4079
3707
9265
5804
6067
9335
6873
5632
7379
4438
8215
6319
2847
7179
5098
2345
7849
3189
1505
5434
6710
1948
612
970
6858
9221
7282
1578
1615
1200
3603
2984
7374
6298
667
3549
3226
254
7550
6698
4343
7316
8359
4856
8188
6083
8114
9092
4003
9319
4405
3376
259
1961
9437
4937
7143
8079
1396
9617
9600
1434
8463
7563
5545
5096
4582
210
7935
11
2650
5059
7509
756
4447
3821
2385
1794
9011
3782
3515
6872
8904
766
9571
9856
9243
4930
2619
9367
225
7967
3014
3641
9333
4648
1897
2874
1984
9353
1986
6499
1927
9513
2179
7531
2481
6206
8571
3287
2205
91
6813
8144
1131
8488
1446
4171
6683
3863
8740
6951
8712
3424
4556
5500
5937
6030
5093
5920
600
380
1509
485
220
9939
7228
5678
5911
244
4572
6690
2329
2955
5928
7318
4379
2989
1625
3715
7876
5865
5875
8765
8106
7385
9659
5581
8152
3236
8997
2677
1869
1604
8773
3607
3120
6242
6363
5178
3312
324
5305
6300
6854
7121
9497
5080
88
5192
1949
6062
9449
3097
3756
25
4411
7768
1687
1310
1737
7903
7994
8989
4050
3868
7952
7097
5785
2656
1093
5745
6451
3150
5373
6687
4850
2469
2261
1626
883
3288
2860
4239
7524
8353
1236
3036
5394
1443
780
3834
6919
2636
3399
9492
9946
3546
4971
6621
8322
2321
2078
8028
2770
5027
7150
4947
4732
9845
6037
5899
2562
8693
3978
7133
1309
590
8630
2150
8719
823
913
3880
4496
5439
9036
8714
3663
1878
3690
2401
6383
9268
6575
1788
852
4900
9635
665
2360
9667
2152
2503
1934
182
3251
5646
2472
3740
1129
2627
8340
8687
4777
316
742
9013
601
5152
3018
3776
4419
2192
8180
9567
9025
1314
7759
6156
9425
7947
5630
1010
3129
3252
2693
3566
9637
9676
1237
7638
9795
2757
8738
8279
2001
2084
6806
3716
6433
4978
2044
5071
6696
4082
4179
7497
592
3698
2486
4519
8059
8379
3745
8603
4813
904
4010
4772
3175
8005
75
5921
2139
4874
2698
237
7196
7187
5067
8565
7514
5750
8105
5601
4402
3844
4060
1429
2246
7236
1946
246
6521
2754
3956
1754
4481
4268
7035
9938
4064
4661
8153
3611
3199
2774
983
59
8721
6345
1913
5708
1792
7948
4819
5933
4442
4570
7496
338
1397
8645
5615
3328
6820
8508
2927
415
6748
1994
6781
364
4045
8581
158
5533
1891
1873
7089
5074
2818
3516
4207
7831
2060
9116
287
227
1514
5862
3763
2589
8538
1777
4849
5834
6017
1595
794
7929
5878
8399
3911
1821
6971
4698
7092
2079
5839
4602
5535
2344
152
7600
7745
4540
6275
4443
9378
2755
2791
5663
9900
308
5049
2446
8021
87
4426
1330
3582
8905
6917
3253
4428
2592
5957
9186
9428
7020
6590
737
9213
5707
6427
5961
7066
2484
8931
6970
5833
6656
5180
1475
1918
6020
16
7451
1022
8977
2712
5743
3686
7549
4205
8566
7603
4521
5999
392
5104
931
7901
1545
9423
6925
1562
2402
3585
5341
5550
5360
205
826
9264
5204
1374
3979
9807
3935
1151
6291
870
2072
3476
9128
8070
7237
7063
4610
8918
2914
8115
2274
810
4516
2440
6699
7645
5793
1522
5186
6003
9855
1487
1467
5053
2140
8214
2275
1360
8394
1599
7649
562
8168
4076
8820
2443
1288
1778
5537
8431
9169
6262
9491
3064
2399
6448
6419
3563
605
9718
5214
750
9216
1723
3273
7481
1405
9885
6739
5901
4387
8019
4069
2333
8179
8647
7113
321
7455
3137
4227
5670
5689
901
2244
7601
7370
5591
7090
2089
3568
2908
6940
9303
6295
7926
9798
3469
2881
4132
6613
5242
2138
996
2505
2491
9137
1589
7301
9153
8795
7017
7261
644
4736
440
6856
8871
982
7916
972
2445
1035
8788
9203
4024
2350
8681
6110
1719
9747
3247
9932
6040
4720
2104
6821
8348
3824
7372
565
5375
4384
582
4564
3760
8063
3610
3284
114
2758
1140
5881
3987
5330
6547
8924
2692
194
1664
7210
122
207
6571
362
8066
9708
7091
1691
1693
8134
6640
6225
1250
6724
7752
6797
6945
4269
5929
9005
7224
1767
5240
1117
2164
5996
3790
4876
2745
8467
8952
627
7841
9759
3599
2513
4338
2721
2357
699
2022
5810
7041
1837
1488
8776
5318
3702
3350
6999
6001
8624
7525
2215
3681
7817
4267
3784
1161
8201
340
2376
7169
5418
8998
7209
9328
8484
181
7392
7848
3612
9810
8093
5641
8025
434
402
2891
5812
1875
8579
8031
3300
6333
1908
4161
3166
347
4265
7326
4091
6716
6180
8439
3198
8582
4506
7803
6256
8869
7217
9992
4867
1335
4041
964
1877
7863
4110
1346
4430
4394
3992
8155
5308
279
1894
4357
6187
6181
9453
9978
7888
9058
4725
4611
6737
7656
9950
1265
2815
7930
7823
2173
877
356
8358
3258
7357
7593
2465
236
5297
106
1241
4088
1381
2983
9629
7559
3417
5660
7625
5955
5867
831
2942
906
1989
4356
3022
6771
8314
6130
7280
2728
3750
8649
6031
4594
3672
5731
6355
5443
1432
9370
6875
8149
9803
8702
7338
4254
4258
6482
3462
7246
4704
885
6685
8763
7052
9537
9068
2454
5424
7683
5408
1980
5454
6682
9960
2802
8472
28
3075
1820
7897
5188
31
5157
3349
5213
4676
5208
57
5491
3791
99
5250
5103
2380
787
4330
4752
1471
2501
708
1
9866
3195
2182
9164
2514
8756
9907
8013
4890
7275
3237
6233
9933
286
7440
9836
6931
2682
5353
8663
4382
619
544
8601
5967
9663
2105
4126
1965
6193
3340
5144
257
8764
1352
2365
5790
7545
7366
2731
5291
143
950
4014
1831
569
9346
9354
6179
5857
5383
5767
8383
3971
795
6102
9525
9369
2425
8760
1023
5241
691
6635
4989
5555
9234
1834
6365
3857
7518
2161
9605
5295
1942
541
8958
7653
908
9832
875
7014
5019
9179
2236
426
7420
9152
2447
4494
6627
2496
6773
4523
7912
1635
7684
8354
788
2964
7241
218
6671
8003
1202
9927
3174
5403
212
2897
5648
3657
6888
8264
1422
2588
9925
3161
9633
4505
2862
4990
8039
2663
1516
525
7547
7686
4844
4925
3170
7087
8806
2869
987
9289
9658
6570
8641
7188
2049
3577
680
8297
265
7895
7816
6174
8778
5246
5009
2149
8395
7193
4804
4097
2626
3788
6533
5819
250
7791
352
9171
5193
8890
2342
8381
7399
1555
7243
4711
8915
4899
3439
3591
2146
7511
4501
4635
4650
4106
3976
1005
2483
7485
6138
7096
2188
3156
8965
414
5469
2537
1017
477
6133
4037
4454
6150
3131
5586
6660
1576
1124
8691
9981
9183
8398
331
542
9929
6299
4176
368
4302
2756
2616
5830
4164
7566
9918
3293
9487
4386
6892
6965
6874
455
1234
5277
1997
6063
2170
8207
6930
8053
4701
8642
3588
3581
4852
4095
8030
1848
8985
8193
56
3375
6948
2189
3557
4567
6900
9909
5868
6878
5984
4353
1481
5910
3963
1162
2295
2711
3152
2916
824
7918
6870
2416
6343
2431
9496
4817
1410
4261
2953
5826
342
101
949
4988
6462
8185
9006
4740
7032
3881
5464
946
773
6096
2269
8677
7302
5774
6267
842
1534
2220
1409
8657
484
4934
1907
6528
4495
4120
5958
9072
7064
7131
9228
8300
9831
6976
5494
841
5705
3684
7189
4012
5571
336
3141
3318
8001
4054
2876
7498
2458
6921
7398
4085
2408
2029
401
1318
5030
6049
9551
90
1277
9783
8032
130
4278
8452
7059
2108
2885
7165
3505
6704
2720
5539
2143
5094
7457
9361
7690
502
9010
9442
7786
3601
1608
1269
3021
9980
568
3804
8380
512
3330
4373
8045
8470
5366
5219
3187
1941
9390
7507
6342
7990
8789
4568
4431
5507
6966
223
9876
2131
1495
2209
2310
4493
442
3303
7255
1886
8429
7682
4383
191
170
1195
9189
7925
2530
3481
2999
5618
9018
9334
7077
3757
2202
6106
8365
9363
4912
5605
5778
1175
8741
3440
6075
2925
1620
8546
6826
703
4220
5980
2824
7624
6836
8481
3506
2803
108
3051
5962
3950
9597
5746
144
5769
7168
327
6146
3695
7701
5772
9218
4714
8047
9884
3069
9665
4226
6614
4896
2093
7354
1565
6185
5647
9022
1009
9004
5247
4450
8249
7591
6366
5627
343
1267
6805
4230
9249
1801
8829
6432
6218
5126
4731
7941
7746
3520
7303
369
8004
6044
7749
6866
8265
2125
1315
9182
3569
1382
8504
2950
5446
1388
8127
8402
7310
9979
637
3895
797
2545
7099
5922
7324
7943
6973
312
231
1870
9155
9671
5640
1628
7900
7183
623
5440
4131
3959
93
3815
9634
2442
4306
6711
2101
7987
2605
5350
3512
5912
5753
6505
6885
8088
9970
8990
8908
3565
3921
3347
3063
3053
3522
3627
2222
2541
2426
9466
2490
4025
5283
375
7447
6307
4601
5768
1657
6328
2258
1425
8426
5727
6539
2301
1910
7269
7735
9822
2047
752
2304
3616
3943
5592
2659
198
3335
6896
2306
3065
518
6415
4767
8451
4681
5893
9640
7267
2683
3060
5164
2411
998
4104
5652
1136
1898
8220
1485
3538
3389
3513
2900
3085
2407
6097
464
698
6469
2041
3012
1219
3851
86
7750
9362
8146
9065
2479
9641
4830
1802
2546
7404
8292
5034
3878
43
2951
5111
4697
7554
3275
1174
1672
5690
6109
6629
6197
4354
256
7163
5051
6438
9099
4747
5485
5559
1712
7339
524
5657
9214
9402
6164
113
187
471
4381
3861
433
5694
1450
1624
6114
3445
4021
8516
5190
4816
6076
5517
9512
3840
5259
9703
9138
2766
281
6904
241
8975
7039
5724
131
2260
8577
9224
5715
4500
9008
4154
1130
6464
151
6984
7353
5738
6544
5604
5503
2163
4273
4152
7117
1559
7460
5226
3664
5284
6445
6846
994
636
411
6661
1163
8190
630
7329
9311
3928
9511
3701
593
9681
7197
7685
5165
2569
3254
8580
297
8403
7037
624
6956
7945
584
6764
145
527
3431
4189
9579
8742
6563
6732
6745
4796
503
8417
9963
1676
3630
5497
8071
1406
9443
2353
5261
1082
8584
2348
9204
243
9615
95
546
6504
3113
7362
5946
1950
9985
8328
2558
6552
6719
6909
5010
5301
1378
6697
3713
5942
1479
7883
9771
3940
4968
2583
1371
9242
1586
2725
713
8269
9670
2691
3714
4952
9295
8575
8455
1419
2369
8757
2370
1920
5276
7644
1733
8986
3367
2681
1468
4585
4275
4616
2672
9429
2463
2823
727
8459
3307
5159
9403
424
1784
1356
4020
9141
9758
7727
2364
7702
4365
890
9120
9675
235
473
157
4377
9161
3480
1500
8409
9444
476
4249
7771
1189
8035
9392
3206
3727
6633
5596
880
3937
4019
6980
9775
9282
6840
6768
2540
6853
6890
3105
7008
8794
9863
7468
5227
7112
5941
9418
6349
6470
4910
4985
3081
4836
1114
7271
9621
6922
1385
5560
1799
3808
6099
7698
856
6566
5008
8501
5649
7158
9383
3708
5527
4584
4962
5263
4562
556
4604
8099
1580
4070
2742
2521
1673
4291
4738
5546
5696
616
6801
2741
1466
1211
4965
550
6623
1975
3856
8389
465
8539
5950
1145
9628
2254
1243
3884
6523
4766
3438
1327
1068
2271
7728
427
7675
4743
8660
7640
2032
7633
7028
3578
7203
7376
905
9327
5145
7721
9917
6545
2383
9961
4359
6834
2761
4880
7156
5445
3447
1654
3498
1321
4352
9149
9646
2889
7913
6457
4371
9208
4453
3359
9688
9119
5733
8707
6843
2609
2249
2003
5089
587
3671
2836
8617
1252
4053
313
2694
8655
513
9258
9385
9704
7762
2949
5954
2435
8780
9582
5764
6835
2430
7093
5358
1981
2667
5479
3070
9201
5622
6317
5722
2986
5874
3919
9826
1213
580
1180
9549
8682
6222
202
2943
1826
4360
5363
7532
2606
2532
926
4717
9118
7171
4596
3409
9160
879
7795
2253
8356
9558
8540
6589
2492
8100
6949
7259
1954
7585
4510
5770
2283
9813
1206
8162
3491
3025
2276
2601
6064
2660
8305
7383
7552
4653
3813
63
8374
96
1439
466
8572
3842
7401
848
4606
2920
2124
8339
9139
2054
1444
7148
8620
5553
3232
1582
6975
7822
1573
6588
6055
5514
4545
3213
1990
8306
7204
5548
5123
6592
6751
104
7164
6344
1634
5858
4689
6644
8433
8072
497
685
7766
1440
6216
1427
543
5099
4790
7546
4235
9800
7417
3635
5970
9886
361
5717
8602
2386
5759
2462
9949
4859
118
8532
1684
1041
5985
8732
2
4363
748
9409
8016
7984
6669
3472
2368
4326
6162
4868
7981
4124
9191
1470
7146
2421
9209
1923
2181
7688
1564
5613
3337
4617
8716
3920
9163
5506
1279
5125
6986
9534
7442
954
2919
4671
6128
8387
6189
1979
3034
9649
4311
5117
1289
5320
310
2552
1458
1038
9620
3691
5572
8564
7773
5128
3613
3988
2396
7151
4984
7662
9372
9001
5972
754
6329
7226
5321
7533
7464
4169
2305
6611
1436
9094
1775
8992
8700
1067
5595
12
5468
8935
403
2634
3571
1155
5578
2494
111
2958
763
7006
6281
6798
4246
8280
6894
8171
1098
6860
4619
9414
493
74
8301
2820
8667
8097
9945
1407
6074
4483
3009
6215
3130
1617
9686
6914
5524
7777
3095
8807
6318
3499
8576
2866
3154
7070
9468
5203
6221
1932
2842
6004
1285
2461
4335
7027
2267
6815
6937
5299
2800
6889
3394
394
8194
5565
4558
5492
6301
2880
79
3747
8850
76
4803
676
6509
5459
4534
6577
1204
19
7071
4240
7708
1353
5475
2141
4502
7747
7416
8793
4297
2230
2841
7009
103
3847
8936
1270
6713
488
9506
9237
7330
4722
1484
4664
6508
9902
7774
6757
3877
2240
3201
3243
4998
5789
7145
2792
81
5760
5222
1587
3862
1253
9761
9742
8909
5460
9140
8344
2584
1829
2613
6542
3590
7839
9412
933
7461
5744
6824
3737
4228
209
5556
9244
8018
2102
8377
1686
1724
6550
3210
3188
6028
9027
9085
2162
9384
7689
6532
9928
3696
8436
6120
2808
4190
6674
5280
7979
9463
4466
8204
5268
7288
232
5673
1789
2509
4823
5763
5050
997
2074
6822
4992
7678
3787
9840
7700
4889
2026
5302
5845
2309
3227
2932
7152
2185
4440
1714
4755
4058
3527
5576
5536
2595
6507
9457
7713
2135
50
8460
2528
9381
4696
5898
2948
6058
4008
5234
4504
161
1442
6474
7049
8092
9662
8299
247
532
8606
2286
3596
6659
4253
9757
2523
4374
386
8596
1594
3405
8689
2859
6792
7390
609
3471
4655
3846
1967
8192
1832
7024
4693
314
3719
2021
514
5085
4578
7622
5606
2057
5422
7921
4595
6425
436
7495
3098
1122
7665
6021
3008
2679
8533
1968
8972
8323
683
4324
6471
1584
9486
9462
1710
155
7738
3296
4295
9883
4090
5147
5827
6749