12860
9108
2233
14750
12051
6615
9239
6552
12907
9418
12547
3257
14728
5844
11352
3578
4817
10386
9793
9507
2800
6801
5867
277
9963
9204
3268
8671
14584
2538
13783
5961
8772
11321
14910
10562
14932
11580
8087
4448
5145
7222
8014
607
10228
12398
4865
8785
13810
8706
7448
14826
5285
13499
14080
4121
8808
5855
14222
6028
8883
5937
3241
7249
8137
3000
10296
11358
7431
8436
7434
3862
7560
13825
4268
3025
3320
11409
5261
10328
13315
5754
5672
14858
1475
7102
699
8060
8540
11464
3792
941
10292
5883
13440
4716
2245
2469
8821
11783
7580
14067
9467
7767
591
5386
3869
12924
7676
11765
3447
5831
2740
4880
11945
9334
1445
7161
2504
3994
5112
8747
13740
7184
6381
10300
1782
4806
3164
4300
13321
10479
1878
1229
14372
12988
10474
252
10531
6534
9750
7170
8194
738
3491
9665
4153
5054
11410
3319
4528
1983
8373
9889
8224
3687
3244
5059
12223
12127
5553
2976
5311
599
2770
11046
5142
12779
1419
10798
2046
14530
10978
14098
13867
2413
8257
4517
12400
3950
2797
4576
4813
13642
8617
10914
6334
11460
269
14272
250
8244
14304
10399
5739
14012
1308
283
1105
2122
1794
14164
6150
4689
4699
10481
2242
9568
4581
8360
6629
14640
9411
11062
9950
1107
3884
13102
10191
3762
3679
11172
4585
3671
12163
14167
14921
5428
10581
9629
8134
5260
12630
6574
1410
9786
5249
14692
8879
9549
4090
5073
1952
5463
12595
9463
2656
8840
7129
3029
2626
6529
8046
1024
7120
14049
2843
6262
1490
8985
4839
393
11504
6632
9276
4038
5925
13680
4958
6465
4560
559
2593
14917
10687
661
3774
10466
3700
10822
11096
12623
4618
4363
11428
8579
13297
11389
4615
1016
10761
9900
10606
5967
11379
3352
368
14351
10545
5657
541
13307
6958
8307
10388
14392
5341
951
7989
6720
9498
13414
7883
2224
8253
3360
7495
3158
11465
1409
8515
4941
60
1466
12658
1758
8875
1690
12668
8532
2910
1804
13077
6696
10334
3759
10090
4630
3577
11364
4117
12641
5579
1428
14134
3468
12246
7090
12290
10903
5697
8518
2215
5229
10326
8667
5970
14342
13045
9133
12492
13013
11258
1605
6226
8691
1689
2621
14419
8439
5554
1280
4299
6928
14516
3111
6449
12759
12490
5711
9636
7566
10047
9962
7812
14359
10743
3434
2398
5605
12204
14362
7130
9043
3541
14364
7530
10258
13313
6707
11270
9905
4485
10324
14933
7741
995
33
13299
6976
3231
13659
1037
1053
6684
28
11726
4195
7672
2369
12007
14991
287
5300
6960
643
7849
12140
12432
12425
13064
7414
1316
4624
6708
4723
1142
14558
5890
3427
8868
7291
3926
3334
649
11422
6383
1510
10711
14308
712
10628
6355
2913
7188
9702
5085
5975
10266
5446
9574
8158
2114
11855
9650
11303
7435
10036
13390
14854
6438
3658
1234
9782
14529
4175
5820
6326
8655
8923
13592
11988
3435
11019
12442
7917
4946
2248
13172
7565
8423
13028
13907
11618
5032
3969
5120
4211
11392
13127
1375
9898
11288
5728
479
7646
13673
13398
3139
8050
2920
6300
5340
10519
5242
2326
13072
12001
13170
45
1382
4772
14432
6824
5495
6027
13071
7386
13818
7806
4214
5599
3344
10066
8174
10800
7787
12602
2294
1489
2812
9247
7955
13062
7436
4942
12766
12717
5441
10177
2406
8780
1907
6714
6823
7648
7874
13403
8219
1606
5041
593
13748
11620
6906
13184
8543
9266
10116
12013
5903
943
9431
6971
7797
5368
9225
6239
12558
7136
8009
6213
1942
13819
3704
6759
14084
11853
52
14468
1327
2367
4477
3858
3106
5770
13854
8978
9129
2173
12461
3499
2148
14060
1912
5877
10226
12417
7264
1813
6711
8895
14024
8869
3728
3934
7868
7714
14523
12605
9554
6066
6354
2791
9484
7468
10484
2459
9623
3014
14901
9958
3263
11093
8243
3185
5916
8448
10145
11774
2707
7669
7710
14139
9587
14470
10877
10031
11644
3407
12980
6627
11583
3157
12199
14563
1909
9089
3993
4296
6067
12326
3849
6240
1383
3174
1961
4457
3050
7911
8588
11647
1166
6356
1309
10517
2912
14166
11703
486
5919
12024
7317
12444
2379
1676
2075
14267
446
8857
709
9184
11661
14399
8005
7568
6867
2558
13698
4058
9611
4352
13216
4372
5387
4492
9454
11931
2988
1186
11715
10784
2998
12070
11366
4659
8289
8575
12263
10713
296
6802
14982
4967
5881
14235
9831
1850
12597
6666
2604
5107
12459
4925
11780
10856
14460
13006
12011
12138
10522
5840
6822
5870
418
8844
2016
1353
7649
9608
6162
10811
4187
12722
4139
39
5223
4113
2300
10470
11004
1940
2464
11796
3738
12293
8615
8152
3721
9754
10267
13490
1002
14106
4910
9745
8760
10006
2625
6288
10483
7575
13421
10367
644
7388
1730
4049
493
9049
808
2497
7204
8127
3632
8589
11355
5646
6060
8079
4533
6415
1269
12486
11655
1714
4204
168
14114
6159
11080
355
11867
14353
9910
7922
9511
9250
9298
11118
10585
5783
4034
13920
8034
13614
1932
12234
154
1776
5128
6900
13183
419
1330
12823
8095
10015
12113
8165
10169
1993
3852
2810
2714
9981
11274
11693
6344
8267
6033
4888
12103
13776
6516
13780
243
6248
9169
14309
581
7309
5317
13603
10152
13737
3681
12925
4698
7283
3487
6747
1711
4292
1236
9635
107
14257
9968
731
13573
14542
8094
13816
7373
2919
6304
9911
85
11435
14572
14553
10352
380
5651
12905
14944
14989
6482
4589
5649
11283
57
7756
12551
11489
5524
5377
14743
5426
2724
4108
4509
14122
10265
9660
6111
10005
5887
7253
13578
603
9220
9643
13236
13995
14998
13004
1982
10259
4437
4395
8188
1859
7141
13873
4937
1310
5439
10850
2042
5800
7473
8713
6892
8904
833
6184
12680
9648
3551
4100
7273
13200
5419
4304
8084
13840
1405
2290
10379
12180
12562
2127
1651
2437
13692
5959
6325
3078
3197
10879
5237
7371
10459
5215
9343
14181
8748
13222
12565
11904
7614
3902
5564
11803
898
7608
5713
7051
13455
606
3248
3059
3520
2150
10586
6196
13829
1175
3424
12830
10831
12251
3074
8577
5193
5181
2551
305
5353
1440
9464
12700
2325
1739
7935
1876
9359
4432
5306
2219
110
7942
10706
11725
5352
2665
7937
11996
3606
13981
6752
3734
7073
563
11838
2225
13410
2275
8880
11972
588
430
4685
5502
1658
3419
2900
11401
5314
4286
10318
10477
13149
6683
11556
8150
6772
10104
8380
8700
3132
2875
11444
5789
497
1860
10723
5982
6476
9099
10881
11338
1089
5228
373
3221
2169
12374
11880
12798
13293
13983
425
2382
5477
12184
982
1630
1247
702
14528
6127
13363
8341
12241
14790
8100
11218
737
3071
6261
8765
4551
6421
12390
3788
13930
2362
12733
9604
14903
3188
11708
3945
9559
1329
5768
8650
2921
5782
12137
7430
13220
1372
11090
2192
11949
10698
6585
11082
7158
1977
12692
8902
4316
11892
8913
299
11641
10902
2803
2220
160
3361
2232
2078
6793
10019
13034
5797
306
1381
9293
12750
13016
3175
4247
8344
5709
4128
4606
12737
14250
3081
2869
332
782
11034
830
8735
2877
7246
10338
665
1718
13684
1721
8971
5160
7724
4047
9462
5382
9283
4438
6206
3996
11419
4251
3987
6264
6950
14511
11079
13842
1167
10938
13830
3920
4640
10108
11696
6364
6923
13937
14510
5444
11120
14031
2776
3807
659
14863
9207
5604
13043
6701
9046
8614
13802
11827
8447
9811
12287
1003
8395
9558
10662
5702
9594
12822
2254
12704
9144
12020
14590
12185
3090
6673
6427
4118
9606
4583
2657
132
7846
7954
14327
11060
5594
787
6406
10696
8573
5956
11823
1503
1488
12933
4064
10950
2444
2082
3604
7230
2522
12947
14196
4163
156
14787
13381
11602
131
10631
8256
14752
2509
8247
12903
14793
9135
11994
8278
13278
7822
11817
11148
4007
13887
13793
5347
9273
268
1865
7877
8330
7854
2470
9263
10159
4900
2520
14568
5171
8452
7280
1178
3247
4294
13008
5376
8666
662
9254
1183
10571
10860
7266
9691
3232
11677
3599
4427
14898
9552
3860
5918
14093
12981
9877
13269
12342
9859
6941
3027
8502
776
7353
10370
9860
9780
10150
7892
2359
3682
5378
12292
14746
5640
13464
10599
6513
12720
11527
12481
3239
5329
7171
10584
10889
6347
5231
2144
14541
2651
13917
714
6149
11638
9460
10435
5024
13656
12285
13952
9954
12252
8828
577
12584
4376
11272
3937
13476
163
2838
907
6841
13962
7487
6773
12872
11459
1802
5148
3581
6846
6742
12480
241
8507
9533
11224
904
5048
3922
4051
13674
11937
1578
7559
11279
2826
8041
8068
7270
6437
7851
5262
2393
5942
13961
622
6252
13502
4732
14450
1018
8022
5529
10935
224
5159
2950
4495
8049
5790
12286
7693
8159
11870
2408
7637
7052
1398
4382
8921
3651
1492
1494
1897
12582
707
11248
3633
9543
1814
9035
13387
1068
5230
12445
10647
7360
278
1588
9111
12859
5625
67
6946
3783
9368
8784
2345
1130
4677
2264
11054
10442
12516
6876
1314
14669
12698
2299
9766
608
7023
14781
5784
800
11886
3889
8331
10814
4424
3772
9506
5947
2891
14048
13453
7155
13456
3273
2733
2381
795
7390
4453
1336
2471
4863
6136
3295
2904
11844
2351
4553
13302
5474
6172
9357
5766
14466
4622
8538
8948
6882
12428
6803
4789
10075
6543
14112
10868
4984
11006
13627
6488
10024
14161
9970
6608
8722
7815
789
5572
3305
11665
2627
1795
13445
11235
328
9914
1744
14007
6611
11944
13597
4452
12471
8938
13087
9619
10543
7962
451
4977
9229
6101
13393
4957
238
9436
12019
6285
3749
766
1456
13033
11973
10375
292
10000
12640
9196
3350
51
14963
177
10428
462
6148
14440
5338
1937
10193
6435
5281
6045
4213
6901
11223
7633
11185
5815
6440
7779
2878
4891
7458
14662
7689
358
8689
2686
7682
11616
7080
5822
10752
12835
10576
6004
1497
1279
13590
4744
12883
3793
7277
13775
2887
3259
14795
3778
14100
14649
13652
13796
8110
12280
3223
2210
10009
12787
9365
10206
10924
13883
1141
4980
11073
3198
9164
13688
4081
2873
5671
7324
4706
9066
11543
4179
136
6273
8778
1117
12521
856
5488
14111
12345
1557
3859
5526
2333
10178
13620
1289
8744
6509
6834
572
3678
13218
835
9567
6850
6254
9054
10317
5219
11849
1160
7040
4981
214
736
4914
7613
10665
7936
7686
5798
11205
7199
568
3791
11918
13919
4073
2790
3897
5151
4001
4938
2820
13298
10848
6636
3381
3480
14992
9271
13268
7663
2338
14513
11339
5207
8677
1861
8931
6722
10039
6593
893
4692
569
602
6797
6256
11219
3035
1048
9079
2819
9034
1243
4968
2569
2
1268
814
4132
6233
10858
7452
828
7671
11116
13305
985
13897
1434
11533
7571
13589
6728
12431
2971
7708
10254
11107
13256
12795
2526
13036
11438
10678
13904
10088
10308
8825
14002
6520
6168
8407
14804
14410
14233
1022
2307
14208
884
14585
8477
8701
7296
8203
4917
8799
9261
10906
9536
4345
144
1638
627
12453
8420
1833
2244
9353
1059
9875
294
14916
11739
7075
12009
5722
4350
4787
9308
11322
6495
10550
253
7017
12590
9521
12371
7903
10900
2448
1949
4431
8544
3695
14905
2481
9236
6678
7505
8400
6735
12111
7290
11592
871
14475
3124
13781
483
6409
2062
6458
12084
3251
1754
11135
580
9186
14368
11263
4388
7773
8454
13038
8191
8374
1095
14172
4082
14941
11069
4216
12764
1903
9731
11919
7419
5094
4897
8443
9737
9238
6727
13553
931
7225
10332
1078
1113
8646
9295
12946
8702
3998
7739
7325
12912
12253
13797
12999
4444
5675
1799
7061
5454
9255
13562
4607
5819
14464
3737
8282
1831
1880
4285
4013
309
14473
1354
630
11960
7202
14725
4219
8336
7631
5185
14827
6170
11663
11538
9104
13800
3336
3637
10710
13902
3130
478
11130
10561
4504
7126
14444
3694
7884
10708
2515
9585
4643
8905
952
13968
2606
9113
2591
567
6514
10638
9920
2619
10961
7172
9086
1209
8293
341
5680
14456
2153
2764
7611
3068
7915
8695
9602
13227
5443
2198
6220
5705
8960
6106
14310
5842
13401
6411
8111
8301
6302
3962
13240
14358
84
5434
7078
3032
8675
5848
11442
13747
13123
8886
14404
7825
4326
4778
3024
1602
7013
6251
7764
445
6746
5250
9244
6414
13371
13586
13951
11920
10294
14201
4184
1958
9642
7423
1301
2565
8557
11373
11151
12414
12778
3479
14654
3883
3621
7128
6706
9631
13903
3397
14329
5884
10927
9284
402
14303
11966
10709
8384
13678
10967
8878
11471
307
3636
10290
12088
11305
3287
7853
6694
13023
4283
1450
3296
5302
9863
10207
2113
3476
352
13431
9856
14855
4603
2537
8698
7134
206
14298
4076
11195
10288
11807
3224
6472
9488
7480
4610
12573
4099
1216
14488
7735
10229
6277
11402
4170
440
5258
4756
2986
11239
5777
12598
13205
6792
6306
2466
2068
13232
5908
4525
10341
8670
13484
6000
3009
14769
7132
6500
7732
4688
11825
6064
14900
10142
4370
13418
8850
10464
4664
3249
11566
5545
7802
13264
6680
9977
6121
7966
6754
8255
10769
9656
4075
3116
374
9378
5396
7634
6798
8354
8980
768
14985
6662
1182
9374
4367
12808
3980
10022
12625
10443
2115
5076
11036
9219
14741
7623
221
8616
3519
9073
12867
10049
1562
5968
9514
3752
7481
4162
14041
3222
8187
13426
10418
2647
11917
1373
5214
8020
10252
5252
14221
3814
2631
940
9434
8742
8343
8457
2087
11963
10955
4026
14384
10410
11481
1892
12028
11407
619
5263
9565
7662
6523
14033
12571
11717
11635
1368
6480
954
12090
9088
9466
7536
13452
6332
11098
13217
3712
3184
13790
186
11001
1601
6710
8754
4633
11865
10033
8728
12784
2364
836
933
13019
5544
3142
3965
4084
321
7657
8044
6046
32
8566
3706
11507
3466
10242
14197
4995
7596
10786
9672
1843
7093
7218
10063
10966
7618
463
71
3118
3043
12877
8093
11958
10501
1642
14677
4127
8539
12384
12054
4346
1032
14147
6491
3546
6625
12409
977
3100
4719
4729
9400
7862
12317
2693
9646
13820
11610
14912
8181
10697
126
13380
13155
8410
8197
2553
2959
2500
3646
1857
7163
5279
14288
14789
2996
13046
12659
6702
11113
161
8781
4992
13320
13992
1847
3534
5389
197
9995
8362
7405
2428
2708
6397
6837
13876
12095
4737
11498
10842
5460
13489
12695
3756
2535
7338
9616
13519
5614
11351
7774
10092
2698
9331
7635
1684
11415
14792
3652
12036
4801
10074
2893
10013
7651
2024
728
7761
6091
3060
14463
7845
1938
4142
597
13794
5692
3163
8406
12501
13124
8860
10787
9175
1444
6498
8481
6434
8157
9685
4003
14188
1788
4983
11448
4718
3465
11922
14648
7036
6842
14715
9230
12056
14126
14936
79
4315
8161
8359
11064
1339
9933
6095
14455
12068
3429
10180
9258
11132
1851
6175
2132
14416
1162
14345
13301
5248
9964
10376
2798
2833
6982
12010
13561
3990
4717
7351
819
13122
1102
763
14144
4258
9328
2110
14612
8048
4243
7362
1110
4522
5944
12677
5853
3004
4319
2962
11975
11510
12044
4907
2703
6967
5183
14959
1984
13031
13131
10353
5946
12897
7770
8482
482
9586
5689
13475
5348
4793
11719
4918
8083
6733
12405
10461
8928
7913
3010
8248
5904
7240
1049
802
8503
2817
8063
9476
13486
1010
6550
13956
3550
13065
11457
3463
8599
11406
7032
4820
4845
2410
10344
5470
4478
528
7933
12357
137
12381
9789
617
2217
12791
3899
8664
4858
5397
11983
13367
11115
1035
8088
7114
8721
1532
11455
1246
9751
4816
13104
13044
10582
10079
6755
11066
5716
13855
6112
5152
10419
12361
11237
2885
910
8001
13254
3747
12299
12836
12463
1106
38
2337
2695
9943
1756
359
1123
2823
4302
13070
12419
6729
13003
5683
550
11793
10813
3105
2609
417
12208
7393
3881
3300
3201
10940
3666
11292
11493
9588
10001
9306
1296
7319
1163
14947
5740
1437
2079
9042
3958
4005
14865
14448
8216
11519
1126
7833
12447
1061
10060
11269
427
7377
12970
2207
13158
12403
13965
364
2999
1712
1728
11891
11408
547
7233
4561
4314
2431
1533
14904
5346
14110
14610
2692
6120
4501
967
6225
8734
11299
13908
3680
4783
9603
5271
295
11652
7502
6811
13252
9769
3308
5006
4267
7313
10174
10021
11525
13689
5077
3031
14701
1525
10082
11890
1394
1291
11577
5859
12391
14254
14625
8770
11745
1635
6113
5357
937
9499
6905
9904
11750
3390
516
7460
10980
2659
10384
1866
14745
2830
880
6799
10316
2402
6997
166
9638
2909
10679
14021
2306
14059
6219
8986
8340
6351
6092
916
11074
5291
7743
13280
3558
1043
8769
1422
2629
5669
14081
11589
8144
8604
7991
8858
883
2856
8834
6527
8567
7063
4949
7973
9711
11326
5667
9072
5
9500
9165
9637
4454
4037
9768
14249
8627
13082
14168
5259
9210
217
4231
8831
8773
792
14538
2675
2285
13312
2612
420
10688
1171
12987
7795
1948
6283
7364
7476
14556
386
13960
9456
13121
6093
10676
10085
14498
11499
2171
4158
9612
14390
3225
1775
11762
12508
12950
7316
9687
8922
8976
7977
1179
5367
8131
7027
5539
9033
11861
12346
13409
906
601
2048
10407
7005
7879
8743
5896
8534
11436
1998
5826
8690
9004
1985
9765
3159
14074
5240
7552
3851
9390
1400
6891
3347
11634
3474
11763
344
2777
14459
6536
13697
12004
7587
13000
11341
1753
942
4134
4944
2575
1500
3148
3609
2389
4872
11353
13261
5632
6492
9772
5011
7997
1920
8712
2694
8291
8363
10467
12301
12507
6038
11344
14339
8815
3928
7546
3307
14514
832
12578
101
9701
615
6132
12016
1194
3611
4089
5561
14923
10931
12385
14714
4769
1809
4644
11910
10135
3275
12770
12522
13335
2034
14615
6156
6512
11611
710
4263
3760
8074
3439
11961
14573
9788
10234
12990
9381
11969
13672
9857
8302
6189
7271
14684
4951
7007
12348
2047
12321
2981
1423
5210
8526
6779
2063
592
2505
1855
9795
14718
7873
3718
3262
228
12684
261
1266
12495
11035
14730
13622
2524
333
8002
7092
4361
371
11331
12586
6163
9098
8053
5482
1518
3327
5807
1698
10965
8271
10823
11214
8684
6034
1300
9153
8348
8659
8779
12193
8117
169
7336
9906
4135
5001
11737
12687
4066
1426
6056
3690
2308
2423
5244
12929
11162
666
7948
1704
5092
4235
14279
9510
8399
5023
11848
2680
1389
12443
3872
4617
12531
13289
2547
7734
9802
13050
4122
8894
14777
13924
13761
12108
12421
12468
2070
2090
1947
12105
5371
14564
4759
10403
13287
4024
14483
13319
3931
10111
3401
10569
8015
13973
9486
11517
2834
4480
3755
4203
410
6863
8208
4364
14445
10371
13792
14946
1841
3885
8703
13142
210
8813
2156
2854
3026
14424
12515
4054
4472
1057
5729
6560
12549
3317
7958
4838
1551
11606
4894
9808
8037
8687
8520
14698
9223
10621
7726
11367
10675
6547
7513
6174
3433
11578
90
70
7072
5954
6363
4661
2370
14907
7996
4939
3443
4399
8405
2103
6756
5508
1165
11953
77
5413
10378
5627
1225
3349
13556
1957
152
5119
978
13638
9509
12511
9200
53
10632
5164
3127
4527
12440
3190
2403
1282
9176
9292
14065
687
13611
12514
9548
9538
3183
6777
11776
10873
13025
14759
4724
13253
7117
11033
7407
14527
11026
548
8637
7071
1250
11572
8393
2323
10626
3297
256
2228
7841
13931
1829
13166
8873
5034
7627
12129
1120
5104
414
730
6366
12288
1629
7878
7835
499
7654
11560
11121
5823
6903
7344
2250
12721
11625
11032
3921
11467
301
10782
4746
8881
9014
4331
10248
14623
6569
12683
14705
6681
9544
675
11386
11984
3063
10878
2065
11868
10045
6305
14622
6469
14922
6153
4176
11927
10898
7956
13439
6816
4028
8171
12957
9729
14004
6679
2388
7771
6108
12527
3813
10077
8725
14085
8416
12130
564
947
12719
5293
7402
14930
6830
2837
3291
6656
6349
1471
13695
13857
8461
3552
14401
3253
2463
3303
11492
6394
12685
491
14480
10331
1632
13055
693
3659
11234
11397
189
6528
816
12104
14620
6675
5191
677
8832
3266
8810
2404
713
6081
5481
558
12097
1365
9599
2868
4554
5110
4419
645
704
1575
9715
3705
12144
4694
10837
9836
13990
8286
11741
14704
1693
6475
5140
14326
2031
2222
4380
1927
7135
3530
12467
6017
2786
11210
8639
12503
14290
9627
920
4281
1513
5485
10756
11746
8749
13934
1116
369
532
11500
10851
944
9036
6924
6719
2206
13150
14389
3797
11735
7227
3670
13853
11220
2027
7788
6984
11909
2898
3404
9412
5475
14841
11183
5559
1577
12349
1014
9285
6647
746
1594
14908
254
12205
5416
12581
9999
3458
1384
919
500
190
12037
12387
3170
13955
6781
14536
4763
5905
11324
3866
4270
5673
14951
1433
1515
6784
10910
1317
2394
8035
733
5950
1221
10778
9199
1835
327
6164
13308
4413
14343
7234
4516
9485
10512
13526
14695
2731
12610
8990
6783
14873
5083
10636
3375
6663
11370
12132
14412
8951
13789
1882
14008
3641
844
158
877
9337
2853
5088
11483
6134
3535
7860
11512
12847
8852
10808
1893
8231
6649
14119
6689
8709
8184
12794
8249
13779
2804
2759
4593
3709
4356
10449
5949
10502
10323
2139
12865
4056
9321
6341
1703
12715
424
8383
14838
1238
7869
11515
4628
14977
14045
3959
4078
9375
14626
8047
2009
13010
5642
13626
6161
9327
5760
9723
7900
556
633
2546
11111
8645
11140
4541
5149
7457
13837
11350
2507
7190
12494
2585
2730
7162
7367
5537
88
3736
10185
9897
9020
7772
5496
10936
2111
5659
8827
10739
13432
1906
14187
3916
6389
12918
14334
13138
13730
5534
14785
4631
1713
5070
6479
11742
8498
5362
3492
7178
10313
4490
5337
10757
2407
12231
12526
10137
11850
3730
1054
10397
5701
5787
7625
11403
12755
5850
10030
14171
4747
4989
10548
14071
14335
11295
7164
7573
8106
5264
9100
1009
9185
13177
13752
9318
6359
3279
1522
5812
8680
8369
8792
13555
9037
148
11907
1138
140
9907
574
5875
12711
3544
5838
9139
1566
10772
4133
5756
4647
514
10983
7891
4493
2778
13029
5095
13097
9338
5876
2260
888
1063
10658
8907
14642
1675
5380
3696
7349
14846
5487
5174
3403
12908
1326
1190
4955
6337
134
6247
8239
12838
8073
4225
966
2554
11174
2494
14658
13185
6874
7754
6899
12347
12995
5924
13191
3379
2117
1470
6601
553
6535
11575
686
13423
4351
4291
13559
2387
4275
3839
3314
4735
12150
1772
7507
11325
4988
2984
11347
5066
14241
9732
3590
13331
9569
3952
5576
5974
5071
3911
12588
11041
5498
14302
1358
1637
7250
1719
1131
13373
11084
4971
5578
5221
5747
14942
11434
10157
2213
13162
4088
11228
14976
2334
11108
739
9109
9280
12930
7182
4347
5938
14146
11925
12370
10672
7781
9926
12148
5354
12324
5772
7904
3084
12506
7151
14215
5743
7410
7055
6331
13751
6371
2622
13665
9067
7043
6875
5979
10040
2572
11101
13276
11851
11887
3377
12804
2668
8004
10971
1863
1930
8125
153
6462
11874
2436
11824
7385
13263
3585
729
9922
6152
10943
7021
4702
4602
12553
14597
7101
4095
4878
5957
13728
7031
14679
13798
13877
12062
10912
12222
11312
3924
3094
6864
4605
4383
14996
4836
1461
523
9658
2249
4657
14753
5955
9106
6212
13469
10302
7811
7548
8730
82
7810
12142
3933
8755
9101
13204
12255
8120
4332
11733
9590
5025
10457
13282
10863
14500
566
754
11594
4238
2725
11615
3469
5040
7531
11020
6849
14057
10260
1084
12942
1164
4241
7378
12747
12754
2411
13936
4375
11550
1663
1270
9651
5049
12194
10871
11921
7816
13192
13014
5980
8707
2495
990
2679
1477
8714
7794
1603
9580
10779
12887
335
13328
1346
8425
5935
5199
11475
1999
10291
9529
11676
13428
8549
12922
10830
690
10351
771
8205
6022
13032
11800
6234
4908
5895
5622
6096
5453
1995
1538
1364
9867
11055
12291
2637
3002
8305
1768
663
953
3904
4369
2186
9579
1842
10669
12298
8576
13412
12430
3516
362
6221
6703
4245
9891
7464
3693
12935
10530
1668
14397
14816
76
8427
1646
13311
9181
10546
9459
11950
1135
8892
13886
14494
13640
13925
9706
2982
5637
11908
10129
2392
12846
7474
2479
1000
6909
9001
1435
1672
4052
4582
7725
13635
2795
14075
14398
14406
219
80
3812
3635
9213
11461
4662
7529
4412
725
9340
4996
650
3976
10520
14014
3454
12159
6766
6542
7294
10385
8322
4947
12483
4781
10002
312
8228
4726
11236
2738
6770
5573
857
2221
9122
3855
13637
3835
6169
12785
6809
3689
8967
2894
5889
10515
7095
8640
1288
554
1414
2635
5699
81
162
1420
4143
4736
10559
1563
11797
1058
6885
10504
3075
13746
2936
6556
4394
1695
12893
13817
14474
9444
5192
779
1260
284
9118
839
5093
14872
901
3725
10437
13274
6083
43
2255
9858
1352
12177
11416
8388
9237
9063
6686
9817
5617
13860
8398
10775
9927
5331
9676
10580
10794
10070
14851
6917
4059
9078
1980
11672
6417
412
12771
9097
3502
5762
4260
9990
10333
8254
3316
2236
1697
9902
10197
10560
7738
3042
604
3727
14383
5685
6137
4762
6854
9345
11686
11581
10826
8674
12411
726
673
4795
13595
239
5379
7870
640
1968
3717
1320
1427
7453
12173
14149
2291
5928
10604
8337
2704
248
4673
48
12457
8569
1790
9799
6098
12203
5901
2859
11193
10882
12386
9471
3095
13250
840
14980
14422
2073
6589
9653
13017
10336
2761
2836
11413
10349
2327
727
4774
10719
9194
9974
9198
11334
11911
4932
13310
11736
1576
11043
3250
6668
14202
14624
4764
745
11802
2004
5969
12249
4653
6738
7598
7454
83
1149
2860
4029
242
4642
14103
5257
4068
1092
3662
13462
1825
5289
13457
6280
1029
3627
4853
12688
10767
4362
13009
5981
14349
6182
12545
12499
3837
8529
11024
5824
9301
3172
3582
12656
342
12916
7696
896
11857
5166
9794
838
11381
13858
9582
8839
3089
7138
6338
9726
2059
9426
12106
4874
5009
12269
3941
13266
7745
14264
8685
8829
12218
6972
5497
6785
10855
12449
3789
8456
2768
576
1891
8025
13404
4722
9125
2895
13348
6321
11654
12226
3473
10087
10565
14755
12940
14042
8523
6851
4124
12107
14939
8882
13054
14631
10170
7512
7786
10589
7543
12470
2203
3786
6573
6578
12819
7832
1085
5808
13570
4670
4171
9191
10843
11567
10986
2958
2607
13316
318
6185
12152
4609
4148
8737
1649
8444
6400
12213
5201
9720
9756
2165
1710
5178
2876
7753
14824
3764
13935
2303
14694
741
1430
2214
5926
7432
7540
11705
8940
1226
3861
12151
1020
14604
7875
7147
10613
6712
4097
6987
10186
9398
8166
5466
7752
10471
5602
11343
7348
14849
5374
1127
8625
4970
10106
2928
6133
11992
7446
9023
4335
6890
1997
13400
2178
3831
14291
3512
14047
6705
1064
7716
6648
4639
7396
13871
10446
12427
11022
11016
12114
14636
12959
9693
11206
5327
10359
4634
4374
10354
5647
6297
14328
6461
7690
12539
1974
3785
2939
7259
3692
1403
850
11755
1418
5871
8364
7780
12333
14273
7028
3973
13803
1870
6358
869
13623
13542
1073
13602
260
526
9834
3290
7445
14845
2784
8435
14305
11300
5986
10552
14379
2601
12309
159
10603
4131
4830
13194
3425
957
13103
7404
5936
7782
9771
13139
7808
13267
14504
12475
12652
3563
5613
6211
12674
5589
1401
12375
8185
11264
7838
13606
4591
8768
3964
7947
8326
2315
7379
5126
1187
14056
3769
13333
6724
7728
1476
2824
220
4573
10643
317
1333
4006
10287
6769
14457
2899
2818
10094
10750
9683
1421
13799
8487
407
3949
10054
4595
1411
4337
11094
9825
13477
14177
1067
5082
14133
894
5106
2700
11564
3598
443
14619
8843
13109
7482
3119
14083
3149
11998
11758
10972
361
2357
8718
7490
4663
13582
2578
9886
7918
9951
13296
12879
7574
6436
3953
7406
498
7381
11125
8638
8052
6713
7328
10380
11282
6934
6877
1725
10251
5929
4538
7399
2722
467
12257
13788
14613
2846
11345
2584
5596
11522
2863
6894
5660
7333
2729
9515
821
14271
9417
11836
9993
13630
5029
7659
8969
8776
956
1459
2655
7577
5437
12815
2745
2296
4713
14737
6697
722
2352
5731
3691
9402
11225
11532
11678
10627
11846
6620
8250
9609
14082
6530
3715
1235
13693
9475
8752
5520
10933
191
3242
465
3723
7827
4320
5328
14555
4494
9312
11595
4565
4557
3567
10451
1076
11011
7902
141
4101
7303
14338
7215
4572
2750
3278
14973
4261
4909
12034
4993
1904
10253
7004
4761
12862
4461
9598
8145
764
9457
2212
7699
12360
4887
8138
10172
12335
12156
6291
5269
13284
3019
7715
7665
7339
3554
3932
10746
8622
14245
5858
2542
73
6442
8963
9967
10025
411
8648
12351
12723
3583
3773
7995
7252
6444
10140
8266
878
6575
10960
404
5016
4126
6897
11529
8031
8564
12021
10408
12952
5084
4921
2311
9749
2886
11822
4317
2440
5998
14268
7766
13018
2532
4129
1446
13417
10065
14628
428
14479
1559
12472
360
3008
13255
12513
5531
8519
7589
10476
1613
4892
3882
5736
5256
7813
5318
5505
11778
3900
13210
13754
9953
10238
12057
13984
7535
1618
12802
4681
34
3876
13493
2000
9245
5977
9705
1087
508
3191
1848
7993
2496
6878
13272
10990
2185
9895
4799
12781
6025
7143
1723
10452
11486
4843
10714
10771
13112
2354
5662
9925
2270
14165
7462
6031
12401
11731
7793
1363
142
10921
11815
12115
13408
3510
11139
3890
14521
7057
1554
9534
7459
8081
684
14767
2840
7489
748
14794
3227
1284
2154
5063
10922
10392
10773
6199
10271
7523
8287
4933
3245
8930
3129
7389
6861
7768
689
2991
13118
600
971
4067
2649
120
9251
7607
13864
6600
10454
3999
3414
1090
12186
3200
5515
11227
8036
11451
6692
3202
2077
11117
11051
2858
12209
14192
4978
8172
9161
2560
13234
799
3046
5062
10880
14276
7617
14663
10908
7440
1254
10149
14549
10453
6342
3864
3355
5266
10934
11951
9736
13847
10844
2277
2418
8126
1528
14731
13958
9700
14274
1745
4768
2712
13246
1360
8103
7744
10846
10496
6549
1044
5670
6567
11478
1521
1285
4960
12591
10909
3645
5310
11208
10360
14955
2642
14186
8658
3110
11893
10069
2305
6190
4931
9344
216
11885
12557
12271
13271
5666
11769
7866
3507
2276
4855
11150
4513
2882
5326
3146
14478
9096
4709
519
12050
6938
648
1589
2040
9657
2529
4586
5177
9822
7282
495
1834
13769
11667
4798
1211
11398
1542
927
1455
876
9712
3373
8890
10136
3384
2611
527
6430
9074
13906
11053
5047
10217
438
11354
2792
6594
1883
14088
6069
10876
14415
9227
3625
3426
6384
13322
58
9439
2855
6275
987
4269
2049
4632
10929
3073
2241
2102
1370
12112
6989
6964
6432
7237
13182
5224
13528
4835
1759
280
6410
8441
94
14091
1161
3217
11038
1531
7909
8104
4186
6173
12336
8021
1140
4862
6517
6071
14128
1332
3380
14975
115
11018
3537
14754
4224
10815
2100
12520
934
6881
9734
9727
4125
620
1458
2648
281
2157
14507
5298
12392
5213
578
12749
11196
8334
14070
12738
14724
10396
8537
9483
4693
7720
7821
4826
14614
1129
5785
7938
12120
625
10989
3829
6795
7186
3055
11187
1652
3137
13782
5445
5165
5532
8072
1299
14022
1334
9275
5363
8199
12878
4638
8790
6568
5868
1837
11952
4882
8496
8753
2545
1201
2595
3887
5802
492
6010
4655
3650
13140
9667
6599
8981
9804
5190
2445
8611
13101
2454
3176
14090
562
14160
10255
10763
12422
6533
13786
12774
12536
10704
10222
10369
10579
797
1748
3292
12954
1451
3374
8514
9482
334
13203
1622
4890
4019
14776
14850
12178
1199
11631
4411
3261
10430
6352
6109
10998
5370
383
9315
1239
8177
9978
2365
10151
10691
7751
14107
9806
13241
6036
12406
5365
5026
13722
3824
5276
1473
6047
9009
14417
14999
13133
9152
13374
6898
13129
10825
7661
7209
3453
2044
11536
3821
3203
11723
7395
10629
724
10458
6743
3668
2871
6360
6828
14950
14426
9128
6070
7437
11943
12232
9319
5216
6041
9992
963
3313
8183
61
3467
5052
1517
6580
12092
5898
6176
2010
12576
9597
1662
3378
5583
4120
14508
3981
1217
7193
2456
4339
6007
4679
2661
2180
12811
11546
2104
2987
7763
10055
14441
12979
7467
8075
7189
7429
14711
4889
3751
1924
3229
11599
3500
13922
12023
13631
13069
11201
12038
6110
6893
2474
10954
4524
13844
13536
8804
1702
7374
11309
11078
3714
3372
4464
14096
9770
5132
12450
6690
3264
755
8466
185
10538
1344
3351
12858
7553
288
8306
47
1139
8965
1441
9260
6827
7179
9352
13345
2845
5791
13148
12033
8992
14140
8583
13540
11916
1348
13515
13430
93
1869
4357
2130
8517
11674
6019
8270
12077
1992
9450
13543
12101
14148
95
12110
9468
2301
4060
4682
9912
1529
5342
13501
14554
11914
13760
14503
3155
13020
7927
466
2272
2556
13251
1287
230
4654
5661
2080
6020
14651
7986
8178
1341
1979
8182
3215
2567
1849
1274
6918
8660
1033
10984
5456
3710
8455
1596
12857
14016
14717
6021
11443
1463
13007
10427
4773
223
4697
9130
14681
5773
3472
9416
12530
7928
13248
2005
3560
10071
4901
14391
10089
10440
9287
11290
1967
10035
2676
6521
415
4250
1318
6335
10667
14117
9358
7470
3428
12727
14182
7550
6114
262
965
2088
2901
14421
10907
1661
10121
13510
11357
10138
13092
2636
2378
14602
1963
96
9267
7789
8038
8819
1746
3235
4686
10734
14611
13942
12681
1534
3917
612
12869
5251
3591
11110
1202
2771
4377
582
1350
1696
11590
2060
14958
7450
3236
6633
1966
8438
1507
14844
14411
3989
4366
1460
8196
5111
11136
7049
11378
4373
14289
3767
7278
6780
11813
13360
9110
13228
401
10281
2726
236
14275
7221
1919
10635
2966
7798
6214
2041
2018
5735
1197
11759
13438
4039
7769
35
13650
6936
11989
4548
14784
7959
11114
8071
734
13057
14025
385
10244
13525
13429
13843
9221
6207
13848
10436
10622
13534
13926
12015
3842
1088
12388
14325
13651
7940
5208
4053
4327
12245
7244
11388
8328
1173
3656
12394
13537
9777
2806
13153
14285
8592
4012
1417
14315
8561
11574
8376
14875
2645
14970
14763
9087
7830
3997
2969
86
10275
14839
10652
3912
8678
1128
1641
4010
12632
14038
11623
391
4221
2749
9309
4625
12644
12260
9021
11399
11462
4684
3686
11694
4969
207
10374
4928
9824
8508
10219
3088
8891
5591
8042
7192
10913
258
4959
14716
289
11751
7508
13146
12029
13621
12476
10884
6403
5356
14301
2425
97
8135
4496
7124
7522
3799
11882
1836
4847
11820
6731
6345
7076
8422
5763
3207
10003
4730
4966
2736
3685
14346
291
4828
14911
12183
5080
10503
9095
4956
5100
12473
9222
7590
2167
14647
10754
4460
4168
5036
2927
11045
8531
3237
409
4752
14797
6765
1292
3936
1366
9324
255
13132
5866
14820
11173
143
7033
4106
13859
12729
9102
5330
10415
10175
1873
2123
8365
343
10450
6284
4658
9448
4136
9556
4821
10634
9938
9518
11085
10803
6954
13468
5846
13533
11293
3771
12705
3220
7416
9132
655
5830
4140
503
1571
9814
10363
2940
989
6862
11709
14320
4710
8973
12679
682
3362
9174
11070
7924
10480
14370
7372
12482
9077
394
8222
2980
1888
10790
4569
10776
1928
12960
10412
7549
8016
7503
14796
8124
6879
8619
6032
14518
7957
5655
441
6181
2426
3140
11540
14591
12049
14011
2399
6294
8861
9989
5442
9329
3325
12628
3015
1150
9364
1871
8189
6279
5096
1902
9197
10
4290
13207
13763
831
2685
874
5292
9531
10489
12236
7951
841
4293
7322
12366
11722
6665
6619
9277
4334
10144
147
3532
1545
8333
12603
12611
3956
11968
3077
9798
150
7354
8109
14994
7594
4671
1047
4435
4384
3391
11374
4092
4469
10975
6653
6235
14077
7056
6340
13964
13061
10061
7208
4985
9316
1322
6975
5973
14557
432
10160
2610
6269
11077
5333
10591
11289
1030
14876
4660
12294
10747
6290
13511
1916
13391
13196
10793
7121
9758
1124
762
7361
9205
4256
14580
405
2613
8610
13144
9134
14409
4408
4112
9848
5038
9163
14515
872
6
11257
2728
11826
9274
2182
5000
10050
3091
13213
11828
229
6473
13352
1233
14295
10404
13481
5909
5835
14882
4048
10264
4455
13584
13111
9725
9371
13357
14076
8988
10753
6123
4627
8593
8032
7886
7456
4002
3906
12589
12124
13128
12167
5425
10948
14105
2461
7398
3707
5516
13022
11784
2183
13053
3254
10214
5097
5761
1810
10114
1724
12329
14028
10717
657
3943
10261
5710
8688
3182
4159
8097
9915
5698
3240
7653
9262
3944
1386
6090
13963
8214
12742
4705
1469
14381
11249
14943
3820
521
9366
7287
879
5189
4008
11932
7711
13427
5197
8506
7262
11141
14639
10241
4063
7695
9935
11604
1773
13257
3816
12214
827
8908
974
8313
2317
8440
4306
1616
10864
6204
8290
9455
583
13106
11767
3464
10433
8495
13513
4183
2888
3412
924
6350
12533
11675
6496
1610
11252
12873
3208
13905
12606
13180
1913
14180
9332
1757
595
7805
13488
205
812
10263
4061
11607
4201
9696
3957
5339
6151
3054
12308
10733
5528
6484
4667
8273
12153
4249
8654
10833
5065
1547
9060
3579
10602
6884
1222
3907
11099
7919
4312
10633
10801
484
274
9314
14403
11579
14434
8512
6202
8644
14721
5582
8019
6063
8527
8959
10218
8521
11009
5677
8476
10181
6566
1480
12364
3638
7895
7647
10243
6242
8132
12777
2525
9264
14896
2151
4083
363
5451
3021
11942
5696
9029
5390
13717
10460
3661
11812
9137
6379
7843
8491
7511
7907
12993
14330
7527
2188
14237
3619
10028
7509
2614
8961
5804
4608
12149
1093
10240
273
12809
11860
4857
5417
1402
7981
10859
12699
11491
7840
10766
11329
6320
14727
13940
13778
468
8553
2094
298
13520
14453
11040
2596
5885
5161
9393
14629
14815
6079
208
13506
11657
10493
4396
12
3189
11881
6501
9949
7532
783
4036
1367
7195
14236
4262
4329
2588
2143
1763
6298
8999
12412
13744
7709
13974
13419
6357
9684
517
3012
1283
14972
165
14355
5272
3511
1395
8076
3898
3574
1539
11477
8367
8300
7108
4392
12031
6209
12953
14987
629
12949
5641
10485
2118
12971
8621
14732
1499
178
4986
5690
9156
8987
9697
12337
2371
8941
1504
1074
6078
5873
4902
10999
11124
13821
6564
3386
6541
8679
694
10963
5255
8771
11189
8885
14324
5037
1132
1251
11587
4000
3801
8175
4594
10438
14224
9269
8136
11764
10007
718
13437
6927
13856
1715
6454
685
2992
454
5556
10539
10612
8602
10945
9686
6503
12752
4841
13735
14697
10686
13668
1812
6237
11957
1227
13208
12200
3968
11268
9022
3093
10107
8394
8151
5167
10705
5611
2438
9241
12164
923
14427
8944
9625
11792
4842
2602
9208
5469
1607
11000
9449
6597
474
8568
4400
4443
7122
10096
11658
2332
13201
8643
8397
8029
12624
12237
10639
9513
9945
1290
3271
1644
10941
13130
5778
9346
2666
7736
2744
6073
9823
5068
5984
285
5118
10509
4279
13364
8649
8312
6674
8230
4846
7357
6794
12534
975
12012
4788
14259
11348
6178
5816
5087
10439
14413
1118
12458
7749
4927
3441
4410
11752
263
11128
11007
11718
9119
4228
11315
1159
7094
9182
1752
14848
9038
6767
13270
8824
199
5195
4167
14617
2884
10547
13704
631
3982
14706
9575
37
2361
2341
11981
293
9141
2541
13066
13608
1856
6443
10821
14674
11308
5749
13946
264
10812
8927
4979
10131
2293
6952
6818
1590
12465
13458
2021
14414
6657
1369
12131
3655
2205
7897
244
11724
10857
7288
8236
9307
13326
14269
6635
1259
2409
986
14294
13667
5464
11761
10853
12176
9224
11340
9528
9819
9537
815
9076
3457
3521
9282
10566
2964
125
7896
10949
14323
2483
10514
3387
1789
14655
11866
5270
325
2498
12601
13434
9396
4223
9988
12701
9355
5507
10020
7433
5123
8207
7058
10836
6968
1416
3806
3482
8853
10247
13933
11816
1189
3338
11030
6943
997
7889
12399
123
10072
10276
5854
774
11643
6939
1158
1228
8919
5325
12477
8390
12612
13337
10741
2017
10834
8594
12650
12992
2821
7034
12552
11684
9179
5668
13503
552
851
350
12937
12716
6276
760
13721
13244
3023
6598
5091
203
2880
14136
8524
8217
4562
4096
6577
3663
2752
1203
7268
10655
5130
7910
6612
3150
12697
3450
1045
10389
1821
8741
3230
3901
14583
4242
6050
823
765
3246
610
3531
1174
10373
2925
1028
14783
12662
12240
12772
6314
13454
9757
9002
6814
6374
9487
945
13347
8720
1628
3393
14719
4520
14040
14489
485
915
2576
6821
10664
1990
6667
21
8530
12710
6883
234
11188
12761
11856
5205
10583
5206
13125
5856
8329
4666
7667
12025
337
1523
860
6800
8805
9432
5993
3529
111
14377
9068
4690
3643
676
3888
973
10394
3983
11194
10777
1900
42
4014
10393
14313
7185
1021
11777
14914
12801
8855
14125
4636
12619
4209
14023
436
2737
10926
12660
6991
6080
9810
13949
14053
12187
8505
2512
10330
1145
10272
9971
11192
2194
2449
12418
13932
6243
4040
509
12773
12331
7500
9704
4534
9909
2577
10991
12566
7528
11842
10277
5879
6014
5002
10651
12645
14190
13327
8783
6413
5714
10202
9753
9940
4217
11819
667
2330
3228
5550
1066
5945
4418
3750
8351
1671
5525
6940
3033
2274
459
2091
5254
11105
13091
3315
11297
10917
14015
7008
9363
8820
14472
8796
9188
9212
8193
8590
8013
11365
3345
12155
7670
13893
5522
12045
13260
5042
4840
2235
11997
7176
9491
8201
13929
10027
2518
510
4023
1779
9474
10689
12306
5639
11883
3037
5155
7988
9610
9430
7818
3874
14641
4208
7365
7681
9540
2848
14092
8470
5829
6299
2432
6270
6457
10992
11165
14810
4558
9813
7119
14229
11660
3676
3528
3571
9504
4282
2035
9311
9044
13318
12945
4191
6272
1830
13985
7636
7697
12978
1820
1101
6286
12332
6029
13892
1845
7823
10964
1565
3526
11003
13225
5558
10508
11490
14341
3960
13938
5129
11626
8756
1396
1609
669
13749
10413
5483
596
11363
10068
13839
2906
10400
4822
2864
11445
8777
3765
13987
14949
8105
11076
11200
7047
5156
10250
8251
13801
6497
12378
2559
12353
13585
5383
12542
13657
6646
6131
11302
8578
2265
11328
10649
14866
23
7582
9595
7081
4881
9112
5810
13711
7286
14347
2001
2434
11137
2057
1483
8814
1751
1615
13969
7864
8493
10434
7905
7295
2259
2453
13450
7113
1840
5046
1377
1910
8252
14029
13169
10225
1467
12732
13467
3045
2779
6076
8381
2773
5170
3005
14869
11528
12647
3811
6763
13309
7496
14035
2573
5462
10939
1862
5906
10736
13560
13558
1191
7658
5563
12983
1169
3020
11362
11323
9671
2061
5220
3143
14751
13576
6558
6704
9644
5624
1224
5607
7723
3775
8432
9809
4950
8062
11516
6187
2951
8906
7232
6348
8758
12570
4182
14179
1600
3389
14835
9209
5630
3929
11153
10327
524
4311
5960
11127
501
8311
7639
13758
10239
10208
4784
5239
12790
1356
7569
8128
7139
11924
8146
7765
3830
13579
13448
4085
3545
4712
13762
12537
1699
4288
13725
9458
4313
1741
313
1376
13027
4703
448
540
4368
6643
6959
9936
2145
12221
2395
5682
2503
13365
9775
8865
7438
13574
14317
8232
5796
14068
520
5828
9180
3017
7148
8510
13609
6186
10478
9738
1071
3324
12219
4823
11126
1276
12663
10064
13658
13575
9842
5652
993
7785
7486
10029
9761
14151
5057
12714
9055
4786
5941
4893
1670
9000
1783
5027
11152
13221
5861
4674
11805
8946
11562
10654
2488
11671
11014
12556
9526
11570
13351
8065
5917
7279
6195
8949
8991
5294
10312
3255
9369
14499
1553
1075
9395
5303
7908
6378
1787
366
9028
1436
10171
13928
991
12448
9864
12268
2131
4860
3955
5799
4310
8102
10956
145
10125
2253
13544
4237
1943
1541
7211
6266
6065
11088
3212
14405
6236
300
13479
1604
8192
671
12305
13836
2149
7469
2482
2007
11048
11768
3629
14394
4271
10728
10310
12724
887
4483
5612
2096
12043
6748
6616
14965
14956
2271
10806
6416
11987
10153
917
7664
10491
7834
5676
1302
14248
2288
12821
8003
11679
5450
13279
1478
8629
12316
9385
10365
4156
5147
12753
3294
6215
3757
13572
5732
11730
13451
2608
2632
13894
3186
13330
4637
11518
13407
6730
3826
9294
6402
6718
13861
6944
11368
3910
10200
4390
13895
7950
3533
10409
4896
1156
11163
13507
1325
10130
10210
7403
9410
297
11929
14195
1482
10683
2452
8909
1147
2634
6460
5005
2623
10525
5043
3701
4343
2106
2202
13509
9896
4651
4790
8057
13685
5486
14064
11284
1526
5965
11605
4222
4811
13716
6107
10232
14778
12726
2544
2852
12813
3763
10587
6910
3669
8822
13927
14050
4529
9380
11447
10618
10199
8950
4766
14805
8661
6068
1527
14644
2342
4804
885
6669
9010
2076
11555
3827
13116
5211
5013
12891
12789
6734
2450
10424
7300
13415
4982
14142
2521
4198
658
5847
14485
10506
8911
10280
2754
12548
8142
14548
9849
5744
8080
14120
10093
195
6227
9325
2197
1170
10870
721
13463
10630
3330
1313
11974
4567
1198
13385
10553
7463
8325
9123
8716
12116
5703
14891
11377
7554
6880
5030
8803
12868
2949
3576
1593
13176
4109
3648
3613
9828
5209
8802
8445
4945
3597
14438
3125
12944
6194
6852
13442
9592
6481
13413
1955
11753
3346
2375
11690
14671
2120
9041
6044
14109
2699
13198
11713
1431
2785
8279
5415
14435
9310
3818
5010
3363
5225
9523
9957
3192
2340
3777
7169
12469
13494
11902
10995
5562
14880
3141
11982
8862
7375
5779
5399
11431
2363
14001
12895
4920
6639
9690
10792
1146
7315
4239
3699
7861
12100
11576
4486
2134
11936
13119
13523
882
13395
10017
9496
13113
9728
11978
4155
9675
13175
14123
4537
8533
10968
11420
12583
14532
10212
1828
3405
13912
3588
11939
843
5117
12636
1530
605
14945
13976
743
4102
1735
5570
11771
11901
13487
7561
7683
14433
12631
9960
11332
8017
6645
2574
9613
9505
6105
9172
2561
7656
14258
13231
1223
193
9921
10692
7029
14581
7082
5321
13441
11382
7106
3483
10256
13341
6005
2851
9542
11176
6197
5603
14069
9392
5322
14200
1151
339
8704
8683
10751
9787
14017
2907
6155
9201
4934
6650
4266
10744
13258
4870
3985
14657
8078
11878
11743
10076
8215
11143
13566
1257
9071
8920
813
13671
1379
7321
6228
1709
7837
5003
14722
4785
6965
14749
11067
11811
1771
889
2166
10132
13461
1791
7894
5656
1324
518
2055
2486
2815
7289
4141
13411
5241
3939
12493
5547
8488
17
1152
8494
7807
4199
5051
4079
8732
11316
6135
1954
14881
14282
3044
6956
1052
8647
14502
6271
12914
2857
3400
1215
13215
7584
14534
5801
9279
1923
4620
8090
2646
12000
1001
6700
155
14408
1432
8933
8139
7645
14051
9420
6230
5078
8240
8581
4584
531
8148
14471
2908
8609
4590
8292
5610
7006
14073
2373
13063
11313
2227
12861
2829
2262
9438
3565
8262
6592
14588
308
5234
13035
7700
10103
12797
14223
1050
3022
7497
10869
5150
3211
5757
8353
1546
1879
4423
13383
489
8259
11946
6607
13024
13846
7219
6932
14388
4272
5943
11087
10098
7356
955
14252
14373
475
4521
7912
11247
8916
6200
11169
12297
4952
3657
720
5296
330
14220
2020
10623
4403
1736
11682
8889
14454
8668
4474
7628
979
575
5018
1595
1393
8955
11511
8563
13300
13881
9178
12207
14357
12139
3506
13093
4428
8485
11133
4869
13777
11198
8237
5295
3449
634
11184
10307
12675
4814
9961
11858
12870
3030
7257
1621
9879
8818
4797
8925
10406
6124
4616
573
5577
2751
399
10268
12626
7747
505
9972
12902
1579
2501
12439
9452
4536
3047
12284
8738
7180
10195
10184
13564
7520
14306
13742
8996
14934
757
13012
167
13379
9427
370
14935
571
1508
6087
5061
8582
6003
1886
11440
442
7247
1806
225
3570
1901
2997
4552
5650
9850
13436
11588
4512
209
6231
3411
5911
12617
14497
7220
14893
13074
11063
14524
10899
12657
4866
7417
6776
11509
4420
3761
5274
13743
13086
7525
10126
1784
5412
12373
3790
2067
4871
10421
6362
279
4757
3109
1734
7116
14385
4832
13491
4330
9632
3675
11695
4381
2793
8030
13110
9235
14287
5837
10707
7110
9661
2672
3213
12225
5194
4072
12201
12973
14668
6008
13295
769
10301
12289
4791
7363
3833
7630
11039
14420
5742
1051
9649
8223
7334
8632
12046
5922
4530
1362
9480
3234
3825
2767
11376
10759
7985
6401
4604
12812
5634
7524
14969
12283
13682
41
3677
11065
2025
2534
3850
3596
2633
14862
4570
2597
3768
9193
7831
9527
7444
6313
10607
9593
11549
1359
9469
11028
9669
10947
12863
9218
9530
1585
8428
14162
14337
7067
2119
14764
3848
11083
2841
3553
303
13550
1677
7742
3947
7655
6961
905
1079
9447
1911
5204
10575
12242
1679
775
9082
13757
9948
388
13471
6116
13738
2239
1777
62
5277
2397
3748
791
8932
9680
8297
10123
11669
3946
11123
9406
8180
6810
10951
11884
9290
6370
5461
8899
2492
10041
7534
6985
2209
5733
5355
6788
11639
13242
8169
6339
14807
13700
99
8006
7000
8816
2339
2164
6464
5122
5404
3674
12574
5765
11056
180
12928
8631
13212
864
3742
6947
14481
10342
11385
11895
3495
7762
2934
11496
12165
3804
103
7944
11673
11294
6994
2640
7828
11251
3343
9404
7604
5056
8596
14263
6318
9155
11888
13355
10661
1648
4190
9576
695
12560
12637
9987
9115
794
5227
1962
2121
2760
3592
4621
6931
7859
1516
11523
5845
8867
10847
4649
14452
9472
183
886
12633
10572
2780
13756
3280
11310
7488
14540
5834
9421
12060
8113
1973
8260
8872
7603
7276
12826
1486
14218
7461
4341
9242
8233
6840
12041
13095
7260
10841
7426
12989
14702
9997
4578
3817
10494
873
6869
365
10820
6660
10911
1491
14322
14169
9673
11744
9634
11256
9584
12806
12676
2058
10533
2747
9494
426
3608
10120
6670
11346
2396
7245
8898
6836
14297
3322
5678
5169
4050
11903
3739
11614
13851
2643
13047
2037
3856
6557
5503
12948
5978
8623
5691
1654
12994
6652
3660
7675
12258
12567
6367
6904
1340
7329
372
6790
138
13723
1567
5923
2922
4166
5278
14280
8484
13636
14062
6561
10674
6267
4987
1774
2019
10101
8067
7342
4385
3640
8186
1245
10128
7096
64
9724
14627
12372
7865
5299
2419
1669
9423
11502
12014
2890
12758
6565
2630
7858
9550
5135
9075
3524
1315
12220
13402
7314
12215
5811
2030
11259
7323
10609
1956
14621
13224
11748
8550
12593
4994
1305
14486
10221
3871
6086
9501
5971
218
4138
1240
7212
14089
6055
11773
3602
12395
11430
13997
3108
4691
11190
4991
2763
12955
1062
12229
5588
3408
13888
3711
5693
12230
14868
6677
5245
13706
13512
13568
7925
9257
784
13230
2053
7382
12596
7729
13664
2713
2506
2159
11624
3398
6990
8924
8149
8089
13862
1023
6399
14141
14735
7084
7684
3288
1936
10146
12934
10215
7622
6128
3312
5695
7746
14061
12141
11276
7449
13712
4105
13535
972
11081
14666
13823
3794
8147
948
232
8917
13368
13359
4707
346
5499
4497
1636
5212
2941
422
10364
8863
6390
5893
6915
537
14547
12102
5964
4739
5288
8876
14492
8179
14378
12464
5914
1750
3515
5432
1934
6035
14150
12339
12022
4111
12166
14402
11871
7156
12059
3369
1598
10486
12881
1797
8069
4397
3270
5560
30
10441
10762
3536
3016
135
3056
14396
4750
4436
5090
10925
6408
12134
6428
13773
1535
6361
961
2605
8845
11304
11864
5913
12320
6856
7694
14606
4824
6981
6142
8974
5489
9633
3133
1740
9546
14768
4192
6626
3644
10155
6826
14878
12047
14603
7125
10008
4873
5674
6094
8392
5020
9959
8246
8143
267
356
7704
7562
8759
8173
7150
12017
11232
9982
5991
9664
11976
10897
10345
1844
8272
13729
7685
14361
747
12496
10528
9868
1230
2328
488
1273
3097
9032
14691
3915
13048
13713
992
8389
3039
304
1304
447
5103
2129
1803
9946
11955
5598
12818
9816
12314
11369
56
962
2801
8812
6537
9721
14344
1808
12504
1996
9026
12678
6807
1659
11296
5565
13283
11229
12608
7616
2177
9679
10411
2358
14589
14469
2022
4818
2571
2662
3076
2231
310
5301
7167
8116
271
9405
12005
1666
14929
7042
480
13178
4378
8497
9281
6143
3214
3277
4708
9791
3272
12196
3509
7235
11012
12587
2587
6531
9778
8204
9626
13517
10526
12639
11273
4487
13
2335
9401
12874
959
2386
6026
7304
10958
14894
6486
7688
3618
11526
3098
6926
3925
14729
12188
12669
4999
3951
124
12027
820
9923
10282
8705
12389
14948
12073
2615
2417
10608
858
2879
6865
13229
12810
8414
1271
7074
11468
311
1015
2429
10016
13767
12512
13223
9090
12091
5759
8357
4740
5473
8937
12126
2443
12416
13485
1013
435
13653
11818
535
3780
458
1818
717
12066
6296
9320
7847
13826
4580
12434
13136
11569
12172
14239
4505
12410
2974
10154
2083
4972
170
14574
12563
6839
11941
12189
1653
5825
13975
13002
2292
7340
11985
7974
2128
11971
1941
7097
8490
12363
6315
2136
6983
13828
8548
8997
4864
4004
8059
5894
6774
2126
7839
6250
10447
65
715
8268
3857
6613
13827
752
5099
1555
12233
13314
11794
5717
11872
10299
12707
2697
969
11964
4098
13340
13607
8841
5999
6693
691
13768
14036
270
5423
11072
12310
1086
14095
13495
5493
2543
6097
11740
7872
5407
2743
8535
3758
9015
2109
8464
12524
14121
6051
204
12311
5541
11306
9952
10468
11391
2548
7650
434
4844
3614
5748
2762
530
5305
12963
14124
13056
7153
12769
9796
6459
2038
4975
8235
13724
8475
2043
4535
3392
8618
939
1319
3979
7707
4020
10749
2097
12006
3394
6739
10361
5315
11275
793
6100
13916
10233
14928
3870
4284
2302
11387
14986
11497
2447
2967
773
14451
8460
5940
7343
10448
6587
9654
2050
12998
5014
2892
11552
7979
6429
10957
13189
13598
44
13288
192
861
10099
13235
4518
6391
2372
4123
9091
10616
9762
11873
4546
9435
10866
2748
12817
12433
13822
1747
7666
2620
11930
9105
1495
5139
10084
9168
10059
10883
11425
4404
1673
8587
6553
4777
4446
8757
4476
8314
10532
1036
7187
13644
2600
7420
10315
5186
8379
12853
5267
4450
12518
4074
389
13841
1665
6504
12564
1827
881
9747
10358
10048
5265
891
12532
6886
10593
10701
8551
12689
376
14823
2199
12703
1205
8327
1520
9583
390
1686
3549
6973
1972
4803
14199
1065
8451
9621
10490
4883
13874
222
875
5137
7491
3181
1306
7730
3542
14251
4333
10117
3003
3722
2353
14145
11212
6835
11202
10237
14176
5429
8801
8739
13676
8408
9253
1312
2669
3034
496
6292
2930
10597
7978
12328
10465
8387
12876
5548
11473
6015
1524
8449
6847
8281
5704
12048
9760
212
2051
6791
7626
481
13349
377
14840
13787
12162
7131
8663
9440
3819
5102
2493
14576
4549
11395
7591
805
12272
13683
4226
14262
7857
8429
13143
2033
1716
8762
10700
1114
10596
9853
2774
5880
4371
12460
11197
9818
10179
5843
14925
10617
8011
5286
2263
13497
7471
9386
1468
3975
13167
12175
14072
11687
8793
6725
8472
515
68
11221
8998
12828
3452
13733
1448
11244
8309
10034
12975
13879
10115
1277
3331
3840
10919
2184
7610
11091
12270
9268
3304
8039
6966
11203
10423
10311
1959
7564
2146
11760
2789
12807
8000
14431
6487
11298
14506
87
12128
8091
10012
9231
14831
4564
8430
778
13135
4742
6043
12651
5862
9947
12735
13805
10405
9620
3903
7145
2977
397
8211
5781
12121
3339
1722
40
11463
9232
10818
13643
13571
4470
1019
9937
13714
1727
12690
1584
8469
10732
8212
6911
6157
4990
3716
1640
12768
3358
12864
8903
7214
3301
14314
988
9888
7019
4227
9451
7256
184
4559
173
3283
4754
1612
14616
3892
3547
12161
2140
4727
5336
12694
9206
4421
2268
12160
4151
7207
1915
1342
4645
13238
6392
2108
13617
11692
10915
7492
12491
1807
8170
314
2374
13382
12053
3113
11488
12446
6717
2295
2446
8085
14484
3340
7850
10551
11636
1822
10535
351
13834
4903
5585
9304
7800
14964
6253
11068
4276
4919
11119
9659
1439
4386
9187
7516
3406
27
7216
7014
6328
1275
1025
14660
11809
6140
11286
12202
10431
7583
3580
3823
11863
9151
4018
14246
14034
11017
151
5571
8984
11
3470
2297
2701
7001
6146
15
9826
12984
9350
10555
7269
9607
7698
25
2617
2952
13915
11791
10456
9742
4619
7890
637
7740
5788
1412
6412
4596
1055
3364
6945
4401
10513
4503
2540
4328
92
11474
105
12767
12355
11361
8842
10768
10928
9641
13181
11204
5557
1853
12728
13433
639
437
11356
4405
12382
11260
8141
11640
14601
5064
9600
4829
1184
3461
6126
9841
2147
2238
692
379
4080
7601
7687
8787
2003
5992
12743
14184
7206
10414
12143
14156
5153
9173
12569
1172
5351
3642
11042
8338
12154
7039
7335
14429
7586
10366
4827
9681
11180
6336
450
12839
3418
8195
2258
14319
13966
2944
5601
7706
11789
2765
7949
10720
11217
4720
11314
12074
3538
3800
2230
4775
2324
12927
14495
2741
5712
13699
5774
6203
10018
4207
12654
12831
5345
3564
7994
7578
12529
8745
3388
10348
14019
10774
859
7236
11852
1237
4045
14244
5238
11092
14856
14723
9356
7380
8164
11840
3744
4181
13154
14094
1885
10194
4254
2138
11450
13633
13601
12708
11426
13953
751
7971
7547
4354
4510
3194
2889
7701
4178
5780
14393
12538
12072
2478
10080
11573
5746
5324
4434
4765
8413
7796
349
14569
8542
8056
10598
13115
555
6605
1817
5664
9131
8641
6737
536
4491
11965
13732
14204
3382
6425
1447
10861
5569
13734
10445
12572
31
14299
286
13662
7217
8929
13532
9047
316
13628
5309
10381
14129
1252
8280
5727
9563
1624
7002
9367
6933
7809
7022
6873
13107
12216
12174
10498
6658
14212
7555
13173
10497
13604
2799
7302
4508
13701
4613
13944
4579
1978
11558
12002
6641
761
10162
9158
9031
6490
14676
2490
3061
12884
2832
14853
2653
11211
772
5050
1785
6621
12456
13343
6499
2831
13686
2085
4563
6316
12071
1667
13329
5101
12615
11617
6343
6468
10416
1097
13323
5440
1694
2652
12063
6986
10284
11933
11670
12915
12706
9433
11900
13354
1297
2460
4600
14316
8554
7691
10335
6757
12665
10488
10475
8335
636
5511
14214
9005
11799
12550
8332
2809
9008
10657
7175
2125
1823
6431
12488
10646
4680
14782
4825
2313
6103
12227
7778
1474
2711
3938
3416
4614
6407
5720
4344
7970
11482
8866
235
4465
4467
11168
3846
11146
3153
2849
5793
9048
3557
4177
8382
14261
2174
9189
8672
8516
4246
8082
7679
3041
6424
2905
10875
4592
9916
2319
12748
9547
9733
1425
5179
7238
2267
14560
3087
13083
1154
13325
4598
6908
11601
7298
8657
9372
13569
892
8479
1192
12211
6372
9763
7939
9127
9941
14808
11238
12629
908
11008
387
10703
8264
7652
7020
6048
8630
1355
14175
7642
4974
12682
9107
4406
1872
1701
13286
3036
2942
7263
10213
6762
4542
14675
357
5645
11646
11241
9336
5449
5721
329
7159
5794
2189
8733
2405
13950
5369
3438
315
13918
2918
5567
6282
3436
7284
12404
2586
3935
3323
2527
6723
14842
1839
6141
6466
4340
2069
2839
4646
3753
14193
5626
2243
2514
12985
12592
1884
5172
2772
5648
1580
3720
12334
7593
12243
511
13878
7100
7514
10962
9202
5422
2755
3057
6082
14225
7012
11530
11653
12691
7567
7115
1407
543
6013
1898
3112
2970
227
9561
11912
7705
69
14423
8023
14582
4466
6655
12098
6404
11145
2137
1056
5540
6160
1764
10134
7595
10347
14189
12338
11959
9591
13291
259
1005
1685
6887
5681
12796
8320
11772
4922
8140
11845
14867
5053
3501
3298
7203
470
11057
10062
12917
5962
13808
2681
7493
5372
4308
213
14861
4733
11175
3199
7305
9846
7953
11554
10346
5915
8854
9116
14739
9698
13632
11495
14365
3385
4278
7337
14462
13275
14605
6551
7111
9084
6855
14938
1805
7086
5501
9903
10745
1572
6016
11651
10198
9370
11843
3972
11393
12358
753
5902
7519
3028
12238
14757
11262
12078
2769
12099
10764
1889
8791
9252
7501
6380
12544
9317
14300
11170
9146
12315
1193
4837
14009
8468
8972
10985
14978
2336
11928
6518
11834
8634
7050
8838
1103
4961
8719
13094
14744
11129
14565
2029
12224
4115
8200
928
4071
788
6638
1017
4575
13681
950
12322
9776
12543
626
1487
8370
10011
10816
11627
9942
10220
8901
2592
11979
13388
13708
8995
5343
9065
9376
5609
11664
13832
1012
12191
7946
14217
5157
9289
10398
2519
2008
12462
6962
3665
5121
10168
5653
11023
2758
11732
14207
7893
12671
12634
2414
8798
3353
8651
5060
14115
5313
7702
6602
5882
10067
11147
12841
7327
14270
14773
10304
1975
2902
13910
11106
8434
2965
7442
561
3601
10783
2321
12965
11360
7149
7906
119
4912
8809
14118
6274
4137
2783
9195
8856
9784
13015
1597
4030
7680
14806
4936
9145
3335
4629
8467
11421
10122
13875
12441
10594
14152
2814
6494
6144
2825
3639
2465
6857
10235
11926
322
14960
1811
1429
14720
10078
903
7987
7855
14550
4543
9774
9835
14099
14063
487
3080
10755
9570
13813
2807
4833
7643
2421
4011
3058
6999
10091
3667
10570
11563
9560
6789
11938
5131
8499
7776
14892
1041
8007
5920
7541
5519
5725
11586
1838
11157
4210
9838
8934
9688
13845
7964
2045
10189
7285
7901
4886
10556
7104
8433
13076
750
3740
11484
7062
9873
5113
5395
2133
14931
13114
3805
3504
46
5031
2170
7310
8453
2401
13160
4721
9062
13977
5394
4715
12437
5319
1681
13913
5146
4389
10395
7814
12712
347
10849
740
4433
4391
13508
6682
4409
946
3144
4550
5109
9800
12275
3402
3513
9489
13459
3698
13406
6745
6129
6102
8833
13079
2064
11266
7274
13504
431
5273
8086
9453
8101
13899
10529
13655
2650
7424
2467
3908
12323
8979
5226
2549
14798
13265
7109
4519
3494
1732
10086
12816
13880
8296
9553
13089
2107
12622
12089
4146
11710
2654
9361
7556
22
3131
1801
10567
9852
9217
1625
121
680
708
12670
1157
9578
4973
2867
1272
476
14740
13361
2805
13195
9931
9286
14609
5568
7213
2844
12354
14559
14665
12035
11231
8114
9918
1896
13465
6426
11383
2624
4119
12782
4233
10537
2346
1265
5863
12210
1793
2628
14895
14108
11775
1180
3007
1965
14046
2872
9956
14443
2706
4475
8849
14265
12788
4439
2309
3147
4792
7975
10156
4547
13669
14879
1951
14436
13591
14834
12568
3048
5995
5543
14132
2787
4484
3226
1307
7599
4738
4252
6980
12133
6922
5402
14830
12500
2948
13084
11829
2827
14570
4481
5860
11371
11814
918
12158
826
12911
7070
3703
6974
10645
14685
1082
3210
13577
11837
8245
13529
3370
12666
14957
13994
1069
1691
7692
4876
6376
4425
12890
13473
911
9148
14833
679
8536
3260
2788
4802
109
6084
13741
11681
7077
2223
5476
8750
3348
8559
7898
14318
6145
10203
10362
10387
14367
806
13921
3822
14286
4502
6319
504
1083
14027
12039
14578
10577
7498
14595
11514
8665
13304
10536
6978
7592
14213
4274
12923
4110
13394
4172
2141
10894
6218
2377
3209
12901
9167
10590
4154
7326
13052
6721
114
1125
2782
6562
2158
4895
108
1413
12304
3940
3371
6493
2322
10339
8012
7275
8283
2566
7882
7826
6819
13219
2435
12580
7916
870
8740
4348
1682
4462
9944
5435
5996
1890
8797
8970
3136
1933
7142
13163
10278
9502
3306
6545
2933
10918
11089
8612
12643
8486
7585
2674
9305
7952
10592
13026
14348
756
421
6764
7517
6740
2116
11097
14206
10650
8229
13480
13600
2775
9291
6937
4116
6582
6191
9979
12171
8580
5827
11095
240
7307
4877
5233
13396
2246
2383
12829
2639
13764
5758
4930
4358
3909
4232
6474
9226
1767
13957
5719
11429
5173
6709
5420
12827
5401
12344
9837
2092
5359
4760
958
7557
9996
13068
14811
1501
10425
1397
14079
4810
11632
1479
11215
3986
12851
909
9869
13565
8966
12849
4353
6167
5108
9019
12803
14836
1281
3420
1168
3333
1072
3729
14968
1220
10357
13358
1905
11877
8912
13909
12882
5635
4248
11596
3568
7929
5304
8308
13567
3843
8055
1874
13739
10937
3018
12318
3927
12616
9805
6223
2420
10133
1454
1206
2943
5067
9166
3086
8697
9589
5654
6661
7060
3114
12725
5350
12119
12686
6295
12379
811
11122
116
12951
2391
1361
14442
9040
14871
7899
9341
8964
2196
3779
12655
4623
13389
12003
1484
3053
7341
11453
2688
12731
7494
8613
8726
5468
4144
5987
8010
2719
5775
5459
1196
9674
1731
11439
9069
11698
9596
13625
2539
13353
3173
12635
1617
14817
9018
4743
1749
12649
14843
14231
11899
9865
14296
4898
11559
2071
1258
3784
13970
1457
11706
14990
3803
12109
11104
1212
11970
14693
14643
9442
855
8789
8766
14733
6398
5467
11727
11291
7422
6695
7969
9354
1303
2881
14247
1798
13492
13317
2552
589
6448
8242
14198
12359
9525
10257
5795
12594
10932
12122
8396
1543
6771
8386
2723
3243
408
8823
1614
1349
1970
2813
14664
6970
703
1737
10058
14102
10789
11506
9708
11469
5316
5939
6571
6796
14592
14545
9866
6317
7183
7107
12528
8847
507
2850
2517
6760
3099
4202
1548
8160
9668
1706
7229
11400
8227
14828
2923
8404
8761
2477
7712
2216
3269
1608
12575
13174
10558
3595
10695
8711
182
14159
7641
996
452
14988
14407
4021
9781
8945
1378
2963
6825
8202
13049
13988
8584
13058
1536
12996
11947
14395
10904
14712
11432
5045
471
4906
804
8403
14018
1619
11452
13785
899
14446
54
3623
9313
13587
3978
4043
7355
6604
11047
6672
929
11915
11531
14020
12991
2673
4324
10321
3624
4297
10500
1887
10974
460
14696
5865
11913
9881
9461
9994
249
9829
1573
11649
9142
11230
7320
10164
6631
9624
14886
646
13549
801
13141
4205
6584
2280
14369
6115
7228
7311
9516
2581
11980
7166
8699
2550
3049
10176
6232
585
10356
1969
9011
12780
12296
12195
2331
7777
4273
7181
3905
11466
8874
11394
4236
2734
8794
3083
11630
13807
4976
14690
6871
5745
14567
12502
9388
3102
8108
6699
7629
10444
14194
4834
7157
13350
12751
9136
12055
9917
3796
7409
7998
9259
14566
3285
14822
14154
2006
895
5136
9564
9622
8994
14699
1816
2181
13694
13703
9481
7397
3038
24
6244
3508
6099
29
6054
11609
5900
102
12069
14766
3838
3156
7817
14599
1678
5114
8058
4130
7967
2462
9124
198
1877
700
4041
7255
546
3607
5734
3206
12982
8848
8896
9050
320
3187
2670
5344
416
13416
7168
14877
7174
14575
11697
1040
785
13152
5836
5818
7863
13165
5017
14539
3122
3065
3001
8356
6895
9407
14646
5115
1472
11015
3341
12577
2796
1988
5393
8471
9059
6450
384
8372
7428
697
6868
14374
10051
13986
5175
9058
7024
5448
8837
2385
6768
8774
2256
8993
202
2472
9830
4849
14638
340
12169
2883
272
13588
12760
13370
2084
14104
1496
2603
8277
7392
8914
8788
2360
1680
6369
8321
11790
3356
10887
9755
10053
12079
4555
10729
10694
11977
12962
1796
1908
6726
1931
2926
14512
1406
14818
6062
7472
4741
6736
2563
7538
11770
9413
10641
5686
10916
2179
6387
8119
11255
10499
11786
11470
6171
5741
12058
10624
7332
6441
2956
2011
6896
13814
1390
6386
7191
6588
5803
5621
3573
7945
13882
5809
8957
12961
6088
11795
1232
10026
7581
2356
13474
9965
3702
11603
7731
9522
6249
3062
11375
14551
14659
10534
2376
12850
11612
12067
5408
5015
2710
2172
5198
12350
13157
3145
1688
14003
10523
807
926
2026
10807
6637
10377
3498
3891
8977
11404
14418
7123
796
10765
5851
13239
14230
5552
11876
8558
7196
3478
2702
5168
9666
12783
13247
9883
14708
3085
1351
10161
12085
6104
8462
14487
8541
2095
9297
656
570
5008
8572
11781
7226
14832
10455
10886
14686
13226
10685
11405
2441
10038
2234
11437
11179
12523
7035
4200
13524
2931
3383
12340
9147
1729
6377
11277
3171
3440
1218
13795
6293
9387
5555
6423
6860
11785
6848
9939
3460
6858
6502
3733
854
10343
3845
3600
12393
7880
3782
9617
5764
13500
6676
14526
9092
10748
9871
3193
9710
11749
545
14465
10554
4856
1586
7576
8033
13259
12485
10791
2835
12744
14430
12117
3991
6914
538
4322
2032
1039
12282
584
14533
9495
11598
2491
4523
7041
13999
9117
3409
2457
3572
6057
10644
8054
551
2344
14799
6563
12479
10702
14926
12967
10832
12266
6916
12040
1556
3523
9012
8723
3543
5492
681
9006
11521
345
11487
6579
1765
9391
11683
3589
13399
12696
3052
12931
11728
6330
12886
1091
8347
11164
6511
1645
12896
7475
2072
5584
6642
10163
10981
10721
13710
3329
9027
668
11584
698
8361
12325
2229
14476
10997
3527
5282
11854
11535
4215
3442
1026
7803
13696
9394
3101
628
8598
7926
2705
4456
11954
14143
8045
9677
1256
1210
7358
2975
14919
4265
1755
7804
11233
12843
7836
13835
9901
13727
7411
2187
12661
4669
4196
5430
4471
4055
1780
10337
4180
4929
457
2269
5297
4904
6595
2502
6001
15000
6258
282
12941
13690
7231
3368
3961
8096
14006
11454
590
2350
749
672
2664
14013
970
7387
3311
5706
3354
13869
1558
2160
1137
9718
139
7733
1278
2589
4780
5786
767
11044
2286
10888
6470
8419
9045
7755
623
1371
7079
5360
13085
201
5806
12968
8595
9333
7963
13755
14371
3630
10659
759
6831
2052
8552
66
4414
1819
5007
9847
4913
5019
9322
14491
609
3566
2163
6859
8225
7703
8982
12168
11384
8324
705
6385
9670
9919
8378
12083
13037
10141
13100
4755
12554
12118
4704
1726
14535
8318
7173
2480
14809
12368
1664
6075
1177
6229
4280
5427
14203
11280
3366
12380
12451
353
6687
7223
3854
9535
2580
323
181
7048
2915
4725
5551
10382
10896
12424
1599
10322
5814
9792
14909
3919
4325
11754
11417
786
9640
8696
12261
9790
1493
11808
12977
10329
9389
863
4407
2028
10205
534
3276
4745
8043
6125
4859
13670
14682
1582
9203
6058
9862
2978
14537
12986
7673
11158
1660
11485
9233
3459
2200
9094
12081
13979
12146
1244
7370
13911
14993
3966
12888
2816
13377
11810
6009
935
12487
10785
822
11923
8163
5629
8176
5184
12898
5035
9739
10730
10809
8190
11565
3923
6263
5636
912
14240
3776
4336
13824
9707
13770
6312
9615
324
7484
6538
14205
9872
13634
13872
2718
10614
4174
10770
2983
12413
6179
4042
4429
13516
11642
5436
9932
12435
8275
14953
2756
1881
7297
1611
8474
10802
6011
2162
9744
4571
1337
14607
8669
14779
14552
4734
6572
10102
2252
11547
10527
7856
10420
6452
10201
6085
11766
9477
11005
6278
13967
7025
5566
354
12885
128
1200
9425
10274
1875
2195
5332
11142
1939
5533
4065
732
5899
4240
3540
13030
247
14039
2822
3673
13277
14593
7545
11149
5723
3561
10196
10139
2957
2039
11424
14966
12756
3430
11144
3332
7605
902
12277
12250
6606
14579
4800
10249
113
12273
2917
7887
12653
8450
12170
10666
13460
14135
9326
6505
7483
7308
2355
6992
2582
544
6177
13945
10885
10946
11859
2717
3688
5069
14747
2422
4463
12746
4953
9154
8525
11613
13202
9216
1570
10642
2237
117
4948
14667
1080
13039
1453
1249
7239
4165
10605
5312
5910
848
968
10742
14437
2455
9986
8562
10190
12889
14101
4094
14788
8274
12182
3456
3575
6301
3123
3894
13649
4940
7558
9748
14331
12096
6775
4257
1574
8339
4152
4015
12763
12621
2316
6451
4507
1544
14713
11049
5004
11010
14531
3486
8465
549
10113
865
922
1136
4964
5510
2715
395
976
4147
6651
4588
4749
2348
10827
3051
14312
9797
6012
13580
1700
6691
3166
11167
9663
4086
13098
266
2641
3265
7018
1560
4033
2343
2929
7065
4193
4540
14888
8315
13599
13806
8628
9557
5079
11013
7241
7359
1267
10158
1248
9493
11243
2721
3562
11608
5406
1761
7091
4701
7391
8662
4915
12871
3115
14238
9722
13563
14332
1964
3326
7118
10236
5509
3865
4850
2689
4157
1465
4355
133
175
5930
4531
12540
9478
10892
7824
3914
10487
3205
12972
4387
790
11021
9051
13863
1231
11100
3726
7999
6453
13108
9618
8724
14360
9851
11281
13980
9716
5410
9234
13078
7201
6515
1918
10211
1591
9016
8836
10355
10969
9025
7660
12343
670
5580
6935
6422
10521
7045
12420
13639
4426
1832
2562
7265
9497
7243
9415
13059
3708
13496
5058
7515
8459
9566
1815
949
1188
3069
9714
19
8989
6257
8352
1778
1286
12147
10563
7421
10891
6483
716
10788
9270
13521
1921
14859
14577
7413
5852
8295
6002
8261
2201
5361
6241
12206
6246
621
5715
14703
3072
5606
2400
4442
12620
237
1119
4318
75
6576
6446
2142
2458
8371
5388
14758
13557
11702
7932
2155
6744
8910
13791
6716
14490
6281
834
7248
8983
10611
11029
11689
9288
1108
14543
8947
4556
3233
63
13366
11659
14634
7347
7934
6977
2036
9085
12383
5663
5458
5771
13262
246
616
10640
1081
14030
5039
6289
11138
7376
6395
735
506
5268
14598
3258
8112
10920
5358
172
4298
2289
3896
5538
12517
11052
11830
8775
3809
8424
3328
4599
14087
8066
8642
1914
6420
10804
8817
10432
10417
10540
3503
2935
188
12585
10872
12474
14209
7632
1263
12997
8522
12820
464
11835
14519
3431
11990
13654
4441
6820
6122
14800
12376
89
13425
2732
8807
1261
12739
678
9013
5517
6786
4393
4935
6732
6439
4093
6741
8686
8692
10865
6753
4711
13914
9614
1115
7447
3204
12875
11801
12900
13898
8346
11685
3070
2510
7003
1464
4057
6508
5480
6260
9419
3766
12032
5144
10988
9138
12426
683
14234
10042
11287
999
5287
12407
6845
12856
14425
1643
7415
3178
10690
14775
14889
5105
59
2599
14174
5283
3971
5203
12938
3974
10273
11999
13998
2979
14333
11520
12302
6844
14915
6948
5125
7737
2424
651
4700
9821
10462
4107
7848
1388
10637
10148
6586
11246
4022
14710
10052
12919
9377
12369
11940
265
12638
3992
12377
2961
8859
5972
1917
1195
4473
12966
6805
6522
13715
12262
12279
6559
10097
1311
5869
7451
9893
367
13548
7727
10492
13941
2690
7819
98
9070
2093
4264
9121
11301
13088
6373
433
5124
9695
5966
9120
9801
10942
12135
7842
11186
2638
6329
6659
9228
11700
3735
13943
14366
9140
6217
14131
7293
1098
2696
11433
13865
7759
9126
10668
10044
8511
5431
4253
2937
12018
7537
6210
6902
7408
10320
8263
9081
2329
4626
10795
1581
9064
4197
1786
9678
2994
3770
7551
10653
11898
4831
10574
10578
11701
8316
14656
10516
1104
5776
12313
7984
6139
12436
12052
5384
1392
1143
1868
5592
14812
11707
10283
9160
8411
3104
13051
4683
5180
2903
3584
7606
13042
14587
8426
4032
14924
7010
9878
14356
10216
11002
4416
10227
3684
1742
13386
6596
5892
6998
1552
4338
7563
3672
5398
8608
1506
9150
9884
10893
302
9975
2523
1623
7133
6949
5072
2204
11788
11503
2433
925
2218
6396
12256
9976
5841
4188
226
7140
6921
1264
8304
3410
9114
14043
8027
7600
6519
12734
10297
9379
12281
9890
14890
2516
5403
11261
3795
5755
1046
11250
3988
14630
2955
2727
8317
14586
13705
5878
6817
11160
9985
3196
7425
2489
14650
11787
12087
290
8958
7345
1038
11712
6782
9928
13075
14170
3603
14726
1438
3284
3421
6447
7829
5500
11597
12845
5494
660
11112
9647
6544
5290
846
1100
12627
2511
12367
10684
1846
14645
3617
6205
2012
10014
406
6628
12265
1424
1144
11059
8431
1207
3167
7301
6979
9601
400
1031
7352
12415
8130
6969
13923
2684
8168
7638
3451
12408
5724
6287
14228
5392
7064
981
13233
7350
9492
9551
12833
13531
11593
9913
3376
3169
13294
9039
5963
9652
8501
6193
13237
13303
5821
3096
2312
6059
3168
6570
13646
5418
11335
13164
14127
14670
7066
11691
8545
10573
9983
8826
11993
2193
12362
4077
6222
6812
12042
4601
13472
3754
9655
3160
6433
13866
10828
5574
6853
10595
3152
3448
12854
9855
6808
803
3586
5162
6685
11327
7597
12300
2415
13809
652
938
10682
11216
11254
11782
3875
9053
9383
2533
398
5633
3525
6698
3103
12397
6456
6052
6988
13392
12327
14284
14860
10401
8729
4440
3867
2390
664
11336
4169
6758
1762
157
12939
11505
2380
2938
9399
852
9699
7369
2870
14738
13616
8218
10671
3218
12814
2190
18
4923
13530
8412
11320
11967
7799
4916
12181
9820
11662
13505
14852
9870
12607
10262
13596
8122
2861
5658
6590
5587
3802
674
8939
3683
8727
3970
1293
11568
2993
12832
11337
2564
8864
4539
4164
9057
9403
3518
14000
4965
13424
6147
8887
5247
5730
4482
6375
11551
12125
5839
5872
512
5472
8121
1060
1633
1112
3302
10564
1295
3321
635
10109
4070
6259
12452
12179
14902
5366
14734
1042
10620
11155
2842
2468
5990
8846
8298
2152
14113
4796
9215
6630
10726
9539
8489
14906
7299
6925
9717
4714
11166
9083
2530
5438
10874
10112
10289
12824
1620
5307
14984
7644
9349
5593
8633
5523
11480
10187
10835
10805
13771
12894
10166
12600
13852
3357
7533
6664
10004
5934
9783
7722
13080
9966
10854
14709
8220
11619
781
8375
12244
6322
5479
1960
867
5694
4767
14971
14522
11412
10390
4149
4656
11539
862
3293
4544
4103
1894
13547
12855
5817
533
127
7053
3539
12489
7083
1034
12852
348
8693
9465
444
8417
12307
8601
9441
8900
10824
10615
13991
837
257
3154
9803
11240
6610
13766
4515
3731
5575
8509
3289
13099
13011
10724
12805
8210
2828
13096
1442
12892
12762
13243
12906
10173
3810
2054
3367
5767
5708
9908
100
9348
3135
8167
7976
2476
4532
11561
14632
4819
12497
7640
5536
7941
7521
849
8504
13551
4577
14163
5631
1481
8811
3863
7088
14496
14707
11537
7242
2281
1385
5616
10838
2985
7046
13344
1502
5619
13884
5931
9443
4782
10143
14501
4307
231
8943
7292
11650
1452
914
5933
8269
9429
2089
5138
1953
9303
13546
10796
10269
13815
6671
171
13190
12267
9373
3462
14219
14608
10469
13619
2240
3165
13147
6806
14673
2211
12745
12757
14736
1008
9839
9779
3836
11666
8123
9149
10600
7801
9541
11637
3082
6955
2442
130
5243
13060
13831
11513
12842
3522
10127
12145
5055
9785
11372
1094
4230
11380
14253
14037
12356
6624
3616
7992
2161
1769
1733
9709
13040
4449
3918
8893
3485
12969
13156
2427
11622
9157
13137
5141
14633
14
146
1583
2866
3963
7160
13736
8936
579
6525
14277
9524
2261
14937
5530
11721
6688
5158
3781
2081
4514
4301
2794
7783
8556
5752
7885
8624
2579
542
8555
10731
6510
14885
4641
8620
12064
8806
14927
5414
11862
5246
5127
6346
7312
11330
1626
1070
13117
12673
3471
3040
936
13021
5864
539
14375
1408
4997
326
12276
14688
14618
13422
1766
4218
6353
10758
10840
2015
5542
5232
3620
9517
7037
12247
11629
10402
8694
6307
12510
7210
11271
1512
2811
5033
560
8234
13369
4069
4017
7177
10110
13982
13245
13376
2368
13378
5218
4779
4568
3445
1214
12455
8682
6540
9876
5753
14771
8442
13332
2508
14983
13900
5994
4046
1294
8284
4867
8652
3011
5976
3653
5932
1592
11585
688
6618
3886
13159
6477
1950
12730
9694
13731
11804
994
10699
11832
1262
14382
3309
6603
10727
7068
456
10368
7615
11025
7412
6138
14266
4360
12438
14138
7251
10542
8915
2278
3631
6953
4229
4185
6546
4962
8213
12423
1181
8349
1347
9017
8870
3654
10372
9143
647
7867
7717
10715
1004
11161
2946
1705
13498
11897
3834
14544
632
9955
2677
4848
11199
2176
10725
5143
12076
14864
2972
6333
8391
4731
13514
10286
12498
10147
3634
12157
7103
11209
4044
7620
13759
7401
1099
890
13001
6888
6644
11714
6208
3446
11716
1991
842
10976
2484
2808
13648
12702
4027
5849
4194
1133
9840
12956
12228
701
7306
6245
91
5886
2191
6609
11213
10716
5457
3612
338
11278
8285
6993
473
7197
1007
2658
9272
13067
164
13891
2865
9991
7427
13896
825
11889
4321
4349
1485
5200
4597
13197
4402
1345
1208
5154
10305
8458
3569
10718
654
10993
770
3745
10340
11245
6072
9980
4255
14689
13339
7330
6308
14137
1122
6930
6614
4161
1720
4885
7713
6323
319
233
12190
4861
5163
11307
13420
5455
12718
8764
13292
1770
4062
8676
9555
14243
6778
10426
4398
12030
12278
2439
251
8492
14918
14458
12192
12609
10223
11411
1858
1109
960
4612
4648
4815
3490
13384
13466
14801
5323
8717
1011
13885
11449
12618
10023
10188
13772
12254
9752
10473
14055
2781
7198
14813
3497
8546
2384
10046
6957
11134
3342
8513
7009
13954
14086
14066
7087
7961
12535
3107
14493
2473
1443
1569
3847
6042
5202
2968
11995
5373
4675
6581
2099
638
10677
2757
719
8107
8355
8597
4758
2513
4287
14509
641
2960
4091
13324
14350
2056
11869
12478
7668
13901
10100
9103
9833
7572
7194
2671
7146
3649
4489
12799
14952
1357
5433
14130
13470
7085
10819
10673
10829
12546
4879
11182
2947
2973
3455
10979
5176
11177
3365
4812
4954
12765
13745
14052
14525
8345
8473
10314
10209
5874
11071
11390
7844
742
13707
12008
8746
2282
2208
2304
12740
3832
5597
6224
3252
10852
14400
5521
8636
11427
1707
9211
4479
11075
12319
5478
10383
11242
2002
12834
11633
9929
7602
7930
4104
7674
1864
5628
5284
5086
3732
11156
3415
9645
14974
3877
13482
4805
10681
6188
3399
3743
10306
8586
7760
10722
5400
4451
11103
9880
14700
8446
11757
2528
2287
6929
2644
7792
5983
12484
5349
5595
14967
10037
12793
5074
12093
5471
11831
8415
13443
13444
921
706
1687
10224
8731
10735
9080
9177
11541
3274
9562
10119
9930
6419
7441
49
11738
2023
9024
14191
13209
5638
5424
5188
3013
4665
5411
14155
4695
2168
10952
13199
13397
10325
777
10810
8209
4566
13336
13666
7254
3256
14157
13081
13618
2086
1498
14884
3548
11222
13478
6832
11986
13610
8377
8942
14672
4770
472
12844
8221
13285
14505
1391
11956
14439
13206
5549
9573
10549
6623
7972
9899
14562
2098
4807
11645
6180
10350
9520
4025
642
3488
9832
4854
13613
5718
12775
13554
2536
14185
5726
1331
7466
403
10781
13811
14748
8736
14292
6889
1568
7089
8385
1717
4905
2594
13661
525
13679
3930
8299
7152
4035
5187
14637
5707
10230
6310
4884
9577
7015
8681
8342
3359
12026
1540
8153
375
5687
8708
14652
10780
10693
5484
13720
9973
9984
4506
11905
12613
3134
14829
4753
10010
7876
3066
3128
2257
3281
7044
9892
14467
14078
7579
36
1537
6463
3161
12880
2557
10817
12899
490
13996
494
12396
13449
13702
12693
9479
12713
5491
13605
14211
14762
1944
9183
2616
1631
7881
7619
14158
14226
9767
3605
3151
2916
2251
5364
14997
3828
11458
7477
13838
13615
9299
11171
12541
11159
10204
8968
7200
2989
12519
2932
7127
1561
6393
9735
5504
11711
14227
9682
10510
7318
8635
9882
8877
5465
6715
3120
11342
9030
2283
6268
1505
2753
8603
6919
13362
1
7921
4206
129
14517
11896
618
5235
3121
11317
1321
8061
11311
4652
12792
2742
8206
7612
8129
13765
14954
9662
13989
8547
10303
4499
8786
11699
9159
6912
14596
4445
187
2014
2555
13784
7678
10295
9746
11349
10712
11656
6030
11680
4500
7272
12080
4234
5684
913
3067
984
1121
12913
1096
817
4899
8276
12672
13290
8884
13249
14461
5581
5857
13959
1153
11414
2105
12075
392
5832
2273
1946
3505
13435
824
3423
11688
13447
176
723
5236
336
13675
9887
10797
6654
9845
13583
9639
2310
5513
4
4277
6815
10625
7069
2499
11557
2487
6154
5805
7719
10081
9630
12136
396
6506
8605
13446
14761
10610
983
11839
14687
1242
9759
1549
10422
4417
6024
14026
2720
5409
5385
4924
11906
12561
5405
9351
14981
7281
6583
11508
8115
1148
3555
14340
9323
10507
13372
7258
14678
9302
5028
7784
5320
11178
10309
118
2746
5452
8591
5948
6870
6255
1185
8560
8715
10901
744
14897
14054
10165
2683
3724
1657
13612
13342
5133
7026
14428
13726
11798
6485
3787
1781
4459
2412
3615
12264
10670
5535
7943
1760
9056
12065
10601
449
5514
10737
7983
1899
2124
12212
6838
13541
4587
11534
8500
9519
8574
14352
12274
1692
8830
7455
6963
7059
13719
14387
3484
9437
4635
10245
11086
2175
8626
3697
1328
10680
13193
3299
6995
14044
2568
9093
12312
14256
10557
2247
1824
7144
4114
4808
6872
5081
11934
5021
4498
1253
10987
14770
4259
13947
11423
10246
13005
13306
7721
11734
7888
2766
14561
245
8401
798
2924
3177
10472
12943
8358
13187
8258
9397
16
868
10799
3179
7990
9339
20
14887
7791
9192
14940
9256
9422
8118
6471
12614
13804
9330
6192
9342
5769
7757
8751
1550
4303
7030
2874
7510
1925
12604
3559
11476
9446
7923
4851
11833
9764
6640
3880
9408
11446
13687
13273
11935
10495
10279
14232
611
6039
10996
3475
9171
8480
331
5951
4809
1511
6507
4751
8198
3514
7366
8953
2416
74
3282
2598
9214
8133
10905
3868
3967
5134
866
7261
8962
1976
112
2995
9445
2279
10083
7346
13105
4305
13405
14857
3853
8
5608
5217
10182
12555
12920
14005
5813
3310
11571
12509
6418
5912
4415
11553
11524
5196
13833
7718
1404
3878
461
14307
11729
7624
7544
14765
11704
4776
14821
13971
6761
12505
1204
14283
2953
3180
8835
3808
14760
6265
1255
9360
14683
8310
6018
6804
10541
10839
1155
5308
7443
14847
13171
13168
2896
7054
9969
4794
5738
8565
4875
1826
14600
5997
5620
6074
12667
8897
26
10293
1338
14819
5623
6324
10505
2451
14961
1077
14183
2954
5737
7099
8570
14278
14216
8800
12974
3517
7748
4422
10056
11479
11253
11621
8024
106
1994
9246
469
14920
10270
9874
7504
194
5527
1027
2135
13750
6382
3626
78
14380
8366
11628
4145
1006
3610
1987
780
6996
3948
4009
276
10740
14260
7960
6388
5921
7137
3664
13849
2691
4379
13134
13375
1387
900
4668
2314
4678
6166
3216
6617
13870
9170
14742
14825
12365
2716
14255
4672
1743
13978
11875
8303
10167
3126
10057
9703
8607
6037
1241
439
5792
3162
9572
14376
5335
6478
5012
211
14756
7439
9162
12579
14814
11894
6130
12964
7871
1708
11591
8528
9052
809
3713
9061
3893
8051
5253
9894
4687
6040
13624
1922
1986
5927
1683
11779
12352
7465
2911
4696
382
4728
13868
11181
3437
12197
3977
6303
7790
8162
7609
10319
2682
810
2349
11319
7677
12599
10890
12976
4458
9719
13581
4220
9003
6327
13889
4289
3432
11102
8028
9248
14178
1519
1343
149
13812
14786
13145
10588
7112
3841
2990
14336
853
55
9605
10073
5989
10192
11879
7478
13151
2226
8402
12958
13677
11948
10095
1674
10298
9300
14447
11668
10845
5089
8763
5512
3079
10656
9730
13629
10032
10285
5182
13186
12094
13753
1298
2583
174
13281
11265
14791
1380
1852
2112
5391
9628
4150
3267
6751
1945
275
9007
4244
10648
8918
13538
14680
12123
13663
3628
1509
5518
11359
13594
8673
818
11031
8092
13552
10982
5891
4852
5897
8294
8571
10518
598
477
5421
5222
6489
13522
6006
11318
4342
11441
8600
10970
1738
10895
215
1374
455
9503
9532
7016
11061
13691
7542
1935
5490
1462
1655
5075
12082
11962
613
4189
594
9384
1981
7384
9296
7011
2739
9812
6049
9571
14482
7852
3844
11841
13334
2531
2485
8421
50
9692
8585
9414
8653
7965
3746
6622
429
13641
8156
14780
9240
3477
4676
7165
8463
7205
11037
529
12248
8368
6555
10994
6445
6118
12921
3396
12402
6061
10043
8323
696
5679
2735
12235
14995
2284
13890
13214
10959
12904
5700
14774
522
10511
897
7331
1627
13545
453
8026
3422
3895
7758
11494
6077
12330
6117
7518
7914
9243
5334
14363
7383
13041
12909
11418
3984
12825
12786
5280
2430
10118
14097
624
7980
14883
587
8288
9740
8795
3195
2570
11109
14354
513
6524
1971
5644
6526
2897
7621
1335
6548
14837
7154
14899
1134
4447
9382
557
9743
9473
12741
2709
13993
9934
9844
8070
4160
8437
10391
1323
4468
711
9428
3913
4295
9335
3873
4031
12736
13972
1587
7588
4911
8238
14449
10944
6053
12259
2618
8064
11285
1854
2013
998
7267
6829
12466
980
4212
932
3117
2678
9843
5907
3138
10973
9424
1639
13211
179
6365
5375
14311
1792
3879
12837
7038
6813
11456
13939
10862
4173
14116
6866
13645
4526
5953
3995
10124
7526
14321
10619
2066
4323
9512
5833
9545
8265
7750
5590
5665
196
7539
8710
8008
13179
11542
14153
2660
14870
8155
5275
10105
2590
11821
5952
14874
5546
11396
8418
8319
1176
6907
3444
8099
9885
9741
9581
11600
12910
8935
6183
8767
1800
5688
12646
3481
10463
12559
6311
9265
614
7400
12800
3942
7224
3954
653
12848
13527
14210
11050
5044
13483
13660
378
13718
13518
2945
7982
9
930
6920
9998
8154
13948
6201
9347
14635
10524
8478
5643
1867
7775
6455
5116
1656
8956
1219
2320
3496
11544
8888
14293
1989
1514
6238
10930
7820
5615
1213
12664
1650
502
3092
13073
3006
7368
11756
13120
6787
3417
10738
5506
2862
7485
1415
3798
9713
12936
13850
6554
5751
4365
3064
5888
11154
12642
6750
7968
3593
3286
4611
9861
6843
8851
13593
6023
13356
14661
7570
4771
7418
1926
9807
14173
10953
3238
14281
7394
12239
1449
6165
5381
1634
4511
8040
758
14979
11333
1111
14803
7105
14242
8018
3493
13338
13090
2318
9249
9190
1895
3587
3594
11582
11191
10231
6309
4488
9854
2298
4574
12926
9924
845
14913
4545
7920
14594
4748
13647
6539
6368
14571
6467
14772
14962
4926
12061
10663
11501
5098
5586
14032
4087
11226
12086
6833
10760
12840
9278
6089
5447
9490
4963
9827
2914
565
11747
8241
8954
14653
13539
200
8077
5958
10568
7931
6158
6591
10482
8409
11648
9508
12709
9773
4359
6634
10660
3622
3556
381
2663
11027
104
4943
12303
11720
14520
11847
2101
12932
6532
11991
4309
72
11545
6749
1647
12198
3219
11058
4430
8782
5988
5750
2847
4998
3337
1564
3395
11267
8871
4016
13188
8350
6942
3318
13709
10544
10923
12454
14477
829
12295
3815
11548
6216
6405
3647
10429
14010
2687
9815
2266
2366
12525
9362
12429
14802
12648
8226
8098
7499
14386
8952
4650
9470
5985
7479
10867
4868
1399
13161
3719
6119
13346
7098
11207
6913
8975
14546
8656
2475
8606
1929
5022
586
423
10183
7
2802
12776
3413
11131
964
14058
2667
8926
8483
12341
13774
847
6198
122
9689
12217
13126
11472
12866
7506
413
11806
2074
3
3489
6951
5600
10977
9409
5618
3741
2347