3124
1951
3667
1550
4793
3313
3820
2419
4775
354
4442
3280
3876
2
3489
4551
908
1734
4174
538
167
4891
3561
3194
3653
1211
4064
4810
4903
3218
4597
2499
3762
3376
4758
266
4151
4735
1510
1311
1486
396
2103
2108
3175
4567
2200
3087
1579
4122
4935
1825
29
71
1367
3654
1475
1233
1818
3948
3717
3932
4244
403
850
3895
1221
4626
3759
4857
4198
2238
2433
1048
3158
1447
4602
2697
122
2373
3486
3297
4682
2602
3459
4478
2225
1358
4318
1959
4560
783
3446
414
947
1349
1804
2144
190
2039
1518
716
245
2330
4996
2898
2441
4182
3913
3089
4754
491
1812
102
392
1066
782
1768
3211
2943
14
3368
204
1903
3275
125
3220
1546
3487
4255
715
995
4196
1276
3003
7
1455
3001
1701
4821
4584
2770
3403
4480
4154
2255
3586
253
4213
4290
2997
404
2591
2750
2244
3576
770
3733
4363
4864
4168
4470
4512
935
18
786
399
4194
1309
2377
3166
4014
3057
683
1706
4396
3251
3263
3744
4603
1046
2975
2019
3656
4723
1708
2030
3028
3637
3878
1692
4295
457
3615
536
4653
4948
3776
2305
1799
1974
1262
624
3671
3106
1300
40
1604
3664
2611
1249
3494
1780
3408
1622
1145
2318
4308
4582
2161
4440
2260
4651
4218
2736
2275
1236
2622
988
4474
206
2548
3260
1628
4395
4276
324
551
3221
3553
1945
2609
643
1140
2827
496
2286
574
2949
4175
1559
4429
751
2919
3364
1861
3033
2924
3907
4736
1193
4079
550
2502
2485
840
4519
2288
4346
4842
4387
4299
1050
2129
1771
1032
3497
2628
3066
4710
391
4722
2425
65
904
3274
4838
4671
1722
1990
3813
1863
3483
32
4820
2308
3737
2353
1845
4647
2287
2312
4125
3479
1219
2489
730
2957
826
1127
3061
4483
3682
241
4773
3882
797
1007
2923
1372
1479
1253
4188
3711
4704
4300
3638
1152
38
740
1967
3539
2735
2891
1659
2319
4370
2926
1247
763
3453
3963
3085
1522
2164
1196
1922
2506
2202
3726
629
182
1654
3856
735
2962
3513
1179
806
4579
107
3677
352
4364
3964
4581
2631
475
2960
2387
1360
3845
615
4661
3524
4489
3687
2594
303
2702
2034
3781
3872
1750
3523
2201
2384
984
1056
1583
713
1442
2300
1685
4069
4301
287
2407
2214
4164
1495
1327
2106
4662
1466
3383
4482
131
4742
3017
4805
1576
802
3442
4305
709
161
3763
3849
4696
2020
3947
3209
372
57
4884
3201
1054
3567
4988
1157
2671
4147
4858
4091
2524
3777
3203
2803
1917
3838
3210
1931
2574
796
2410
1047
4159
4053
2556
620
4905
151
4549
3456
3785
3279
1544
2350
1563
1880
2257
3312
4561
1061
1329
597
3482
4444
699
708
1497
4869
1638
456
2781
1870
1094
2593
1114
1855
3536
3433
4353
4471
3146
371
2204
2788
31
3335
4812
139
4802
4799
1031
1463
72
2191
695
389
3784
3015
1573
1738
4650
289
4278
898
1935
221
505
3731
4918
4336
3265
2534
2888
4224
35
3352
857
3270
4510
2402
201
2443
3406
4084
4779
2757
4605
1726
290
2010
3684
4061
3743
1509
2674
1989
4563
10
383
2303
1469
63
3301
1803
4901
2496
2040
2173
363
2331
108
611
120
1079
4728
2501
4685
2755
3644
115
4074
4406
3980
2779
2299
3152
2884
4767
1364
93
173
4200
2565
616
4987
353
1160
12
4001
4237
4880
4260
3899
4607
3857
959
3713
4800
1847
3704
1687
1234
1444
2965
3579
1025
4034
2879
4953
1942
2209
3445
1487
3423
407
332
534
3155
2514
989
2216
2753
20
3506
3707
2212
1746
837
1868
1661
3474
1289
648
4036
2184
1894
3206
431
2761
465
4104
2748
2901
1381
756
4032
3216
4847
627
1680
4422
1539
3865
137
4796
2245
2434
3572
3635
2177
2899
2517
1126
2355
398
4285
705
516
1854
1650
1165
4737
4514
503
2221
2822
168
490
990
412
1524
3859
3362
4199
2705
3461
3091
4219
590
3921
1535
4161
3884
3889
1651
2718
3961
1347
4747
2835
45
1564
3174
2100
2867
1984
203
1724
2374
623
1471
269
1679
2274
3300
3254
2079
641
1666
2292
500
2797
4899
1154
1172
1607
1590
1532
346
818
1807
2254
4239
3306
1040
3311
295
1138
592
3708
2310
634
3686
2842
4263
4419
2481
4082
3672
4538
225
2120
2277
427
644
2813
2576
2307
432
4172
2920
1827
196
1296
4431
3715
3099
4071
4916
750
2647
1520
2984
3780
800
74
4913
1574
3455
3933
1844
2969
1800
3650
3363
3426
448
515
1630
193
26
2111
3999
4496
3282
473
1784
3488
787
3976
3468
953
3929
272
1423
2021
1272
4980
1637
2776
2301
2603
393
4296
317
3259
3139
4587
3345
3238
3170
2915
4941
3620
4772
3422
2955
3827
3873
2669
78
4372
791
3079
3724
1416
4781
4307
4272
3264
1698
3835
4924
2829
148
3877
764
3272
1181
1514
2703
135
3289
2877
4589
4709
1621
3916
4673
1836
1562
584
1815
720
3736
3093
1068
1251
2055
2686
2974
3983
769
2018
4008
4550
3911
4960
3492
1377
443
2930
4700
1258
890
2090
2864
4965
4072
697
328
1676
175
2065
4259
3333
3685
4394
1445
4365
543
3633
4981
4458
617
254
3372
4926
3875
222
2954
227
4322
4982
136
1312
4867
4726
3198
1030
633
2816
3601
3348
3191
3454
4066
4868
1718
3173
1101
365
2892
1378
128
588
4908
927
2626
3358
1293
2326
3110
4013
845
3988
30
3589
2731
966
3480
948
1369
3498
671
3627
2786
4473
143
1125
4216
2083
3449
3119
1415
2978
4060
4766
2476
1161
559
1044
278
1323
3821
334
3129
717
3401
939
2600
4861
4553
835
3281
4234
4329
4731
3904
540
1036
3134
3630
3580
4304
2268
176
994
3178
1188
2124
3606
2940
3520
4713
4210
2624
718
4831
2734
1490
3012
3026
823
4686
2188
4046
721
4181
4659
4143
2851
4958
4971
4019
4435
3072
4129
2894
3544
3775
4970
3702
776
2057
2005
4641
1158
4705
4302
1802
2217
1820
124
2806
356
262
4351
1344
1229
4855
922
3719
4249
1177
1439
1982
1430
4268
202
73
2889
4829
2938
2573
3326
2074
4012
2862
3393
841
2270
4914
4955
1037
2543
3336
514
3683
2850
3197
3568
492
3267
3924
133
4677
13
621
4114
4554
301
4780
4951
1715
2849
4959
3914
2928
4904
1212
4815
849
1008
3540
288
2076
197
1414
1865
1648
4103
4187
1603
1278
4025
6
979
3386
3360
3200
513
4764
2247
4358
1085
3750
2553
774
3165
3906
434
3250
2158
4777
652
767
2081
580
1222
4238
3855
3324
2507
2091
4806
542
2352
2708
4504
1202
3047
3248
2316
1567
2251
1088
775
3890
4330
3104
1099
4606
4624
3741
54
1402
3105
1027
4186
2359
3543
2845
2150
3460
3471
4756
1682
3610
2905
1102
4642
2461
257
1335
3236
2169
1052
1904
239
557
868
2668
3062
2119
1627
1577
1968
1244
4627
4734
3490
418
4760
3309
1116
1078
1132
43
3710
315
3466
605
4102
4282
4591
3207
4424
1315
4366
4494
3528
2206
1601
4744
3237
3420
3936
1693
2156
876
662
3331
4727
105
382
2435
501
4128
1386
1624
3752
4022
1220
1326
3699
2512
4011
4469
2346
3602
1470
4938
470
728
375
218
2186
4000
160
1468
2510
4990
2922
1730
2007
3128
4886
3427
3394
4927
2989
2657
265
3457
2088
2455
1938
1081
2947
2764
3966
123
2792
1720
3958
1571
1146
4455
1893
2793
1743
2812
3819
449
1005
807
1788
2722
1143
789
3090
2360
2042
1506
4957
1512
2951
1902
4680
1093
4269
3587
1872
2211
1758
2138
4454
3398
530
1907
3077
4986
2013
2956
444
1782
3292
520
921
3188
1010
2197
1944
3112
1614
3693
1018
347
2579
1887
1476
1618
4220
3244
1859
1321
2802
150
17
570
2769
828
2819
3164
3069
2329
1972
2680
3560
4523
2181
2549
2782
220
2215
4729
436
1480
66
1531
793
238
4214
4250
1149
2306
3095
3133
2854
320
2807
2240
1121
2637
4004
1491
219
3287
2689
508
4450
1493
680
4485
843
3768
2617
1128
326
1020
3863
3004
1606
884
642
2844
2504
348
4543
186
2838
639
2243
481
231
2959
4328
2073
47
1831
2172
84
1876
3517
858
3278
1947
4586
1596
1873
532
2444
4871
3314
1897
2582
1710
4446
903
2592
1338
2072
3652
2095
1452
872
1765
4707
4893
1006
4497
2218
3727
1703
920
572
293
4459
3939
3816
1684
1997
1450
4284
4003
1375
2724
280
4024
2572
2715
207
1426
3355
4529
4515
3946
3931
4672
277
1317
1830
3886
651
4384
4067
3701
100
3747
2587
438
2284
4341
4547
2190
2772
2966
1388
2025
1186
2985
676
1109
1175
1131
1669
3614
688
1464
4359
3252
2487
1848
4310
3021
4254
2258
1195
1003
4832
4825
556
1869
3811
1141
2733
804
283
3559
3706
1164
355
1810
672
1557
4693
426
1478
784
1912
4811
3661
297
4311
1214
3
3909
3413
3938
117
95
3337
4362
16
2462
2468
2832
1795
625
3679
3136
3643
3385
894
3477
2944
3597
2900
3283
599
208
1400
2474
1069
3529
2038
512
1644
4684
3836
3547
3594
2291
2917
4016
4762
1889
2094
1643
3616
4610
930
2577
785
4332
4398
2154
3339
4930
1174
3154
1611
24
2388
4761
4126
4230
1421
878
1227
4687
2633
2778
2589
2720
2135
310
2667
80
4943
2583
4974
1155
4418
1467
4389
1218
4062
1252
938
1792
1038
1675
1549
799
311
571
3798
4583
3020
1605
4795
836
2921
3609
140
4490
471
2963
1182
3038
2986
1842
1891
562
177
3096
3334
205
3670
3975
4961
67
1797
2821
4562
1728
1928
4577
4413
2706
2473
3450
1098
4917
962
1529
1525
98
4720
91
1668
3511
1281
4897
99
2766
1404
119
1443
2999
2347
4414
3624
460
2397
4639
594
4337
2598
1183
4803
250
2825
4657
1373
3590
343
3382
4132
1572
3756
2995
2551
1817
1757
3257
479
982
1658
1934
3735
3837
2203
1405
3215
760
2732
2121
308
2314
3349
4006
4900
405
1042
2998
1580
4391
4985
3989
3371
248
4749
147
387
3692
3443
474
2385
2128
1342
1352
3262
2983
4655
1334
980
2931
2344
3399
4150
3222
955
2585
723
795
1213
4427
1960
4089
3199
3195
3231
229
1292
459
3690
3714
2298
2375
2511
166
1330
2022
610
1355
891
4286
1672
4323
558
2709
55
4499
4409
2266
3824
1119
958
9
2523
3841
1359
2712
4822
915
4195
2876
4532
655
103
1336
859
1588
945
3381
2500
3346
1975
4989
2179
2027
4890
1548
1001
4140
755
4131
3928
4430
4374
3905
758
1916
2676
4925
2293
2219
2972
870
2418
1656
145
3367
820
422
1709
738
1067
1867
2278
3992
2368
3315
622
3891
1458
4443
527
761
1273
1950
1660
2801
1994
3629
3850
4994
2070
2230
3473
696
933
408
86
4708
4877
2530
3510
1417
455
2004
4920
127
601
2253
1911
452
4865
2644
1283
3649
1271
2759
965
1943
112
4872
1875
3296
4279
1723
749
1295
665
2363
3550
4116
4253
1150
2366
2694
3721
4029
4271
446
4493
3740
1649
1767
3557
4875
314
4017
2866
4403
1456
2651
2490
3577
2613
1748
3688
4559
4555
4823
3575
3802
632
3818
4701
3578
4834
3792
811
1328
2105
1192
3618
2713
2774
1389
2873
4184
453
2550
425
4380
2937
3874
2405
4411
2328
3330
1773
1962
1241
97
4093
1346
519
1057
4018
3804
1534
4081
2596
4541
129
2942
3548
3227
4447
8
847
3766
3365
2395
4426
4950
1446
4839
2968
3680
2252
729
2623
1197
4361
745
2279
518
2729
2547
2003
2477
2141
779
2393
1853
4966
4666
566
4640
3214
3052
3500
1979
2687
2659
2248
2460
4887
4826
1681
472
1766
4896
4508
2808
1700
2002
1459
364
2768
4231
1505
59
1610
816
3299
2066
3159
3269
2147
3977
4204
649
1255
4085
734
1406
3666
1113
997
2101
2445
1070
2413
1794
1952
189
2097
2213
4183
4035
469
4472
130
1092
4889
1392
3249
2379
2590
1674
2554
2408
892
1173
2979
386
4635
4665
3900
4611
1882
896
4702
267
1732
417
2909
3503
1552
1399
4565
1176
2228
4348
2654
2601
4324
3137
4578
3669
4452
1288
2242
2568
544
3425
1623
1396
4952
4428
2491
517
3186
1124
3945
1515
1477
1556
1806
2409
3516
4902
3369
2109
4528
3522
2155
1322
577
3063
808
3925
4039
2914
3405
482
2545
3562
3636
339
4580
3023
2652
1260
2261
888
4059
2012
281
3126
4498
545
600
3024
3374
3599
2837
2841
3241
3794
2193
2152
2146
4531
2853
70
4
1927
2424
4573
1714
1055
4882
1933
704
3083
79
2581
215
4083
3189
3113
596
1371
2630
3025
2099
2041
4044
821
1206
3788
462
1602
3232
2456
2679
2296
867
4827
4251
1449
691
2559
3501
495
171
4274
1926
77
2625
3121
3051
4080
1977
2987
4262
809
3971
2895
3009
4511
2799
2882
1380
4319
388
1136
2752
4192
451
866
4725
3430
349
4208
94
1581
2746
3817
2723
4055
2263
2621
856
1274
1303
294
4824
268
4277
1946
1717
232
1287
4479
4005
1284
39
3144
4338
2335
4846
4191
3212
2857
3937
4977
4401
1711
1892
924
4377
4949
4648
2450
246
663
1992
1076
4919
674
378
4792
1254
2205
4717
2032
1832
4785
3256
4368
2678
2961
1558
2981
3991
3092
384
656
4381
1796
1976
2992
1695
3751
420
3075
1484
507
4881
3808
3809
44
4600
694
4575
3234
2790
4108
4612
2692
4699
714
4388
4786
4165
3525
3484
4306
3182
3797
2739
1432
318
4520
614
373
2139
1900
3006
109
3094
1970
1104
3542
2610
2728
3955
2262
2533
1575
2250
4907
3896
209
3861
4894
2570
4660
3304
3538
1955
4678
4954
1937
1704
3972
3469
875
2438
1224
1860
4009
1561
4342
3729
1134
1270
4265
390
3416
1753
1011
3103
2390
3217
4843
499
2886
410
4984
183
4844
3696
164
4292
2140
4936
243
126
4692
1973
1409
4719
3320
525
1004
3584
3790
1301
684
273
4879
3317
4156
1122
1822
1065
1999
34
2815
810
2683
3646
3018
1939
4425
144
480
4333
4045
677
236
4534
3994
4248
4807
3145
1418
4163
4995
2796
3010
2192
1411
4634
2858
299
4983
235
1790
1881
3956
3151
2935
1541
631
1886
1816
4135
1745
3793
4382
331
1540
4449
4492
1677
3402
1686
3396
3613
1568
2991
2800
1090
1516
2486
3391
4236
2063
3910
946
2616
4690
3626
960
4155
2362
3847
1062
3993
4141
3031
165
4094
873
1437
4488
1264
524
1555
1504
2470
4915
4376
1419
2977
4461
2789
217
1435
256
3997
4112
3108
1770
4629
1981
917
4179
424
4976
4240
4649
3880
664
1600
1551
2315
285
3328
368
4475
698
3002
3373
4157
2890
4679
4524
4087
394
4797
3959
3255
1156
2351
552
3869
2518
1398
4408
3805
3718
3411
3338
1130
4107
1129
2495
2174
1846
4898
3840
2730
2615
3157
1949
587
2014
2865
3995
1368
4229
338
1705
1333
3760
1963
4921
2220
4146
3390
3475
118
3470
322
2417
61
271
4270
1608
2017
573
4142
4390
249
121
4283
1759
1166
2116
1022
433
3979
2162
4944
1407
1051
4303
4280
2484
645
1269
747
213
4432
52
4149
2237
2167
838
4325
3574
1751
259
1111
4670
3974
1077
3030
2428
1719
1632
3271
863
1713
1835
1294
913
3375
1626
4849
2001
1954
340
2747
961
4646
4848
2758
3114
4288
2929
3918
3829
1394
361
1838
4222
3081
1985
3029
3970
991
4978
3943
2525
4788
4392
987
4791
2608
4942
3779
2666
2082
2639
700
3014
1739
1617
1646
3325
1235
2567
313
4393
2311
1228
2093
1826
1657
2432
4715
1325
2142
3879
976
748
2699
234
298
2463
3934
4689
1993
2847
4030
737
1565
1082
4073
1434
1899
1107
4568
3397
3298
2185
529
3059
3982
4946
1144
1694
1502
28
4937
1238
337
1324
4189
1828
2427
2195
4614
2016
4816
1171
4593
4119
2269
3564
286
350
942
1850
2798
4876
4598
3800
4134
4572
60
825
2047
3168
3757
2859
1353
5
506
2166
2383
3109
1948
4233
1108
3998
2863
2721
1843
110
719
993
3043
3695
3347
1741
2049
851
2881
2860
1499
1351
3147
4227
2037
1319
1097
4180
569
4246
4787
4054
2207
2941
3354
163
4092
547
974
579
3866
3738
3342
1000
3833
329
3673
4503
2897
1526
886
759
1987
3566
881
2056
4347
85
2024
3323
1331
4763
981
2875
4923
1246
381
1655
415
3011
3412
4397
3286
2964
3042
781
2564
3676
2661
801
4410
2175
2684
2907
1393
3000
563
3953
4616
214
302
1584
4526
4778
106
4743
1190
2071
3745
3663
2448
230
3957
4326
1645
4585
4056
1716
4477
1259
1074
2878
4345
3864
4344
2620
3981
4698
3657
2389
2738
4063
1017
1991
101
1383
2566
2852
1932
255
2580
4243
1357
2662
4201
2092
2953
925
932
2650
1712
2982
4399
865
893
4776
1332
111
970
1595
41
2446
191
4385
1696
3476
4618
510
2163
296
3611
4097
3535
2612
2422
3192
162
3233
3098
359
81
2264
549
1707
4040
2080
3700
3013
2290
2430
83
4752
4468
3149
4637
1363
4096
4630
1553
647
1071
4481
4840
3642
3531
743
4956
4434
1554
4975
1761
613
4027
4592
184
1013
138
2320
3205
1118
3941
3826
1908
792
1569
4652
4931
637
3493
834
2160
3143
344
3268
934
4569
3612
2289
4404
3846
3897
1023
1833
1232
1159
3518
1523
1653
223
3040
3748
4745
141
4139
4922
316
357
2691
4460
3952
2054
4751
4437
4120
367
2478
4973
4509
869
68
3421
2885
3581
1727
2464
964
1744
3858
1779
565
952
4794
1519
3277
561
3008
435
4724
4663
1879
4121
846
4507
4354
4070
2283
3050
4212
2967
3076
1958
4711
2431
3922
1647
2711
4863
3569
4620
1215
912
2569
3565
654
1964
3893
2775
3734
3242
1198
628
2700
1585
2762
1599
3148
1749
4992
1028
3485
3844
3180
2726
3648
2749
2830
2635
685
450
4320
1733
1019
1586
3307
3534
1578
2805
2820
4137
1772
2325
1500
1547
4145
228
1465
679
3694
3041
4633
1919
1268
2342
4281
1697
4293
1742
476
1286
23
3130
385
1740
2282
1536
195
2415
1858
3084
3754
4732
1348
4604
4106
3179
3185
1969
1337
578
2380
1492
1189
3415
379
3720
2297
3551
4078
4090
1995
926
198
1191
2824
1115
366
4298
4588
1496
2783
2096
2505
4101
2457
3631
3032
1690
4375
4851
4608
4369
2990
3181
3870
4999
4445
541
3814
1384
2606
2655
4223
4664
1370
484
603
2887
1203
2696
2660
2333
4502
668
4407
4058
2946
4275
3919
533
2560
3990
3619
2365
53
3591
4226
604
2636
1059
2340
370
2642
2357
2906
2189
1185
4703
2994
897
2952
212
498
560
3755
158
3883
4456
92
1261
2157
854
4552
3894
2836
1507
2791
159
2493
1901
3184
2403
4088
3074
1178
4379
2690
4405
3116
1482
2498
4746
1729
1538
2338
1851
211
2558
2123
3464
4784
4674
2449
4421
3053
3123
2168
1043
1453
3389
4352
2542
445
423
4740
3786
4441
1640
4037
406
360
4051
2078
2529
4912
2107
689
2516
75
2029
3545
969
1642
3035
4258
3628
2508
3431
3749
494
3439
1096
3592
2472
4127
4451
4571
1592
2663
4771
3434
1841
1237
1988
1764
2369
852
582
185
4939
4500
1448
2539
1957
3660
3632
4158
180
188
880
564
585
972
2386
3815
4753
2398
4209
2125
963
4153
114
2086
3903
4516
731
2704
270
4123
3712
4095
3678
2229
2670
3902
3585
568
3419
4076
4853
1408
2522
4998
537
2834
4383
1787
3996
1201
768
4669
3441
2828
3046
3167
4312
4540
4144
4885
1216
4438
2187
4462
918
4513
4099
4636
1629
3327
3552
2198
2840
4261
2399
906
2208
3985
1110
237
2874
1589
22
2104
1663
69
2833
1986
1425
943
638
274
1365
4211
4423
2232
803
546
3570
1438
1839
3019
1762
2381
4416
3842
2370
4862
885
2557
4813
612
3392
4570
1667
3927
2634
660
1137
4530
967
583
1045
1239
2740
2614
586
2893
2394
4622
3722
2246
4373
1436
1878
4309
3058
703
3588
1966
4544
3923
4730
362
3224
3806
2420
4466
2044
1034
4505
4625
794
4619
3641
669
3950
458
2780
2578
1909
3379
3746
454
1304
1285
2492
1683
608
1890
4113
4349
4808
3801
464
2285
4968
3603
2068
4845
739
4287
2932
1840
2453
3622
3803
3822
2521
4558
1915
879
1910
2809
1481
670
864
1921
1226
2925
1112
1016
1208
1148
3901
1689
999
2143
3027
1091
1849
3171
3266
2227
4909
2509
3022
978
2469
4266
814
733
82
1664
4177
2442
2451
4439
152
707
1041
4601
2605
1503
3132
224
3823
732
1133
4110
4546
609
1821
2053
2695
1587
4654
1170
2725
2064
3115
4798
2259
2280
3810
3239
2765
2818
2540
3787
753
3044
4256
2707
4706
3583
323
4741
3595
3848
3366
116
1135
1612
3447
4206
3068
1737
2131
907
2178
4628
1205
2632
3555
3571
4203
626
3772
3935
1231
1671
3213
2239
2089
2133
3596
3235
2294
2196
780
4928
949
4856
4049
3769
4257
2714
3716
853
1760
842
2672
2165
2349
815
1002
4486
3356
1147
3448
736
27
3546
992
1857
1180
1498
983
919
531
2309
678
3532
2132
4632
2454
4050
1257
4537
244
2546
2233
1105
1756
3765
4782
1064
194
1039
4171
3407
1401
2050
1299
3436
4495
2880
3318
3554
1866
2416
653
1053
2685
4105
2618
882
3190
2693
5000
2763
3223
4596
341
2996
2541
1735
4167
2114
3380
2458
722
901
4316
2896
2033
657
1914
3034
3341
2148
2358
1248
3655
1965
1895
1058
773
3495
1410
1063
4464
744
2045
3293
2767
1120
4819
4185
1390
2249
4289
3290
4757
3343
3064
1545
3725
4267
883
4124
345
2916
640
132
1874
3582
4228
463
1485
4691
832
1774
1777
3723
172
4878
2051
3830
4026
1279
3202
1366
3698
134
839
4631
2180
3753
2234
3243
3404
3851
2760
3302
3073
113
1542
3541
1210
3285
4010
2958
4675
4972
4683
871
2607
156
3730
2475
428
3117
4252
2276
4667
2271
2302
4111
1339
1075
1302
3912
1199
1641
1996
2085
1123
3370
1786
2861
2527
169
702
817
2811
3088
4360
3898
1885
3120
726
3086
4668
1073
3225
3885
2531
2653
3150
2584
3951
2526
4334
4148
1883
3138
489
1769
3122
4681
3361
2371
2513
4714
4162
2426
4770
1543
4535
149
4467
766
1824
2604
877
2035
1613
3832
1275
686
4850
2871
4814
1754
874
2480
1811
4613
3481
4979
2356
2272
3888
3183
4644
757
1412
2447
2372
2391
3828
477
3728
2716
3831
2804
3709
153
2098
526
693
1809
4491
2401
467
2127
1187
1501
650
1793
1925
3969
3573
3515
3414
4314
1923
630
3791
4873
1024
1856
3789
2595
831
2222
3509
1297
401
2870
2980
421
3917
87
3854
1929
3462
1382
3387
4830
1169
4133
3245
3082
1528
3161
3007
1153
42
2742
4242
4997
4378
1413
4412
1345
2488
3852
4023
2048
90
2077
142
1998
3605
2794
2046
3452
3131
4273
937
971
754
2648
1566
3303
936
2939
4733
1087
4774
3478
887
2520
3071
1691
4057
2059
911
1429
3258
2563
4883
977
3310
2544
2656
1633
619
1978
1775
3273
535
931
2295
2710
2118
509
3384
1472
1798
798
2665
2737
400
2831
2084
1194
4453
487
3417
2361
2210
3308
618
950
3617
4047
4643
4517
1207
1896
3037
3246
3118
1639
2681
746
252
2151
4576
4656
3639
3705
4947
2364
1783
4594
1747
777
3261
3862
3739
2701
4241
2236
307
2273
1391
3226
3187
1
4539
1089
4750
447
3378
4232
1678
4615
3732
2903
2785
3329
260
429
2321
3960
497
805
4545
181
4291
710
3767
690
327
675
607
923
986
1379
1527
2561
3984
2675
1424
3621
187
325
2354
3125
4964
1665
666
3101
591
3689
1204
3196
1313
1631
2149
2910
4854
4075
2933
1440
1256
305
998
2741
4621
1316
304
4801
2224
762
673
1100
3782
1619
157
636
1473
2436
4501
3526
21
3949
4755
3172
1570
2378
1474
3176
2640
89
765
2235
4967
2945
2067
1033
1699
1225
3219
3514
2008
1971
4962
2754
2751
1652
1403
1422
593
3169
1688
3463
276
284
3942
4835
724
1731
2062
1451
812
48
242
4355
2902
2658
3908
4109
4028
4400
2134
4721
1778
3357
635
2787
56
3742
3860
3665
1460
3353
3795
4993
1913
3867
2756
3208
3967
3039
1267
2404
3078
4859
4245
711
589
2396
3651
333
15
4768
4176
4963
581
511
4929
1282
1591
3288
321
687
1930
4317
4136
2532
3438
25
96
1488
1427
1263
916
2471
778
291
1151
2043
19
1441
905
2226
3496
2437
1314
1511
3295
4817
788
3440
2503
2322
3962
36
2483
4694
3291
4769
3400
4020
1306
1026
351
1702
902
3812
2466
2912
3437
889
3276
2267
4658
4367
2555
376
3444
1829
4809
3141
2345
3156
3761
3409
2717
2036
1837
4068
1537
1354
1350
3080
1012
4527
4945
4100
2664
4518
4041
661
2060
1320
2649
3100
2810
2324
2677
1385
2575
1924
3499
2153
1428
996
2026
2993
4152
4065
3640
395
2058
4086
2113
3395
282
4166
1142
2883
430
3340
2414
956
1095
3294
4417
951
3102
3703
3451
1343
4118
1789
3458
4623
154
3778
170
1884
1083
2536
4465
64
2412
2482
488
2341
1086
312
3067
3163
1395
2908
3604
954
4031
4595
1533
2973
2406
1014
51
1462
1877
3600
4933
2052
2682
4969
4178
1387
11
1242
3773
3428
1431
3351
4874
1361
4837
4197
2006
2619
3504
3968
528
575
263
4895
3986
1791
275
4247
1521
2028
4748
4042
3940
3533
2934
2170
4866
1776
910
3418
4117
178
369
4138
4264
1597
2872
2571
2392
2588
3807
4217
402
1461
2719
2009
416
1162
2843
2727
3926
258
3467
2795
2465
2339
2194
2459
2000
4315
3377
1593
4335
3675
2343
1598
2334
3247
1616
3135
1245
502
2467
226
1636
4343
790
2110
4202
771
441
2586
2927
2688
3868
4173
3432
1200
2069
4190
3843
3920
2535
895
2440
2817
2452
358
3965
3507
539
2429
2552
1009
179
824
4457
833
1956
4357
3160
3881
3005
3563
377
3662
521
3681
3634
4484
2627
1308
3853
829
4841
1936
4115
2913
957
1117
928
2411
646
3645
3344
1940
555
2102
827
3783
548
3153
1291
3502
4557
4860
1035
1953
1305
523
3177
155
1457
4564
855
2126
3193
3508
1341
1513
3930
1906
2777
2976
2988
2479
486
2176
2348
1494
49
4235
4609
1029
667
4790
3519
3608
1250
4193
4007
4506
3764
2744
4476
2745
461
2367
2519
2948
174
2597
4313
1918
3056
216
251
3799
1223
2439
4415
88
682
914
4038
3107
900
3350
2856
4402
4789
3424
2130
2015
1265
1483
442
342
4170
692
3049
3045
2265
4833
2638
1139
3593
200
2494
1167
4420
4521
2023
1983
4906
493
2171
3359
440
1280
681
4870
1106
968
4759
4321
1801
606
1609
1755
3127
741
2911
292
2823
3598
3558
335
4688
2304
2137
1433
3054
3625
3771
1230
3332
233
3505
1852
2336
2936
2970
4098
2115
2112
3410
1819
3491
2376
2421
261
419
1813
2327
4804
706
1217
1834
1298
4002
306
485
439
319
199
4536
4888
944
4765
3472
819
4371
1560
3527
712
468
4718
595
4327
2641
3758
4294
3659
1814
4297
374
4052
909
3796
2423
2031
3388
2784
1725
2281
466
3834
1823
701
554
4356
3142
1781
940
3944
848
4638
1941
104
2918
3322
553
1163
1310
4331
602
437
3770
1015
4738
330
2136
725
50
2848
1168
1736
3697
1240
4463
2313
1508
1060
3140
1021
1634
3097
813
4548
4225
2643
598
4892
1080
4932
2323
4934
3973
3691
2846
973
3229
1673
1670
3871
4339
929
1864
860
3825
4645
4386
658
3915
2868
4940
3284
3048
413
576
279
4716
4021
2771
4130
2646
2599
2562
1594
659
2075
1530
3521
3607
1489
1582
309
522
899
4048
1620
2673
1808
1103
3162
830
3647
478
4525
2629
4340
4783
3240
4169
3016
58
4828
3623
3111
2400
4910
4739
2839
1454
1084
3305
822
2814
1805
3429
2317
1888
772
4077
2538
397
504
862
1517
3674
3319
1920
46
2145
4542
2904
3512
3556
1356
4991
4533
1615
62
3435
4818
37
742
210
1905
264
1049
4695
2241
1362
2231
4436
1374
76
3036
4852
4911
4207
3537
1625
4215
2497
3774
1277
1209
3549
3055
975
2159
2515
2183
4448
2337
2223
1340
3060
844
2855
4433
2087
380
2528
1871
1376
411
1662
4350
2971
1785
3065
985
483
2773
3228
4566
2182
1980
4697
4712
3316
4599
1184
752
3253
3668
4015
3070
409
2743
240
2950
2382
2826
727
2698
1307
3204
4590
4205
3954
1752
1763
4221
192
3230
4676
336
1266
2332
300
1318
2122
3978
861
1072
4487
3658
4043
4160
3892
3321
2011
4033
3530
4556
1397
1898
2117
2645
146
1862
2256
1961
2537
2199
2869
4617
3987
33
1243
3465
3887
4574
567
2061
4522
1290
1420
247
1635
1721
3839
4836
941